0.000000
0.000030
-0.000028
-0.000004
0.000032
-0.000026
-0.000008
0.000034
-0.000024
-0.000012
0.000036
-0.000021
-0.000017
0.000038
-0.000019
-0.000021
0.000039
-0.000015
-0.000026
0.000040
-0.000011
-0.000031
0.000041
-0.000007
-0.000036
0.000041
-0.000002
-0.000041
0.000041
0.000004
-0.000046
0.000040
0.000010
-0.000051
0.000038
0.000017
-0.000055
0.000035
0.000024
-0.000059
0.000031
0.000032
-0.000063
0.000027
0.000039
-0.000065
0.000021
0.000047
-0.000066
0.000014
0.000055
-0.000066
0.000006
0.000062
-0.000064
-0.000003
0.000068
-0.000062
-0.000012
0.000073
-0.000057
-0.000021
0.000078
-0.000051
-0.000030
0.000079
-0.000043
-0.000039
0.000080
-0.000036
-0.000046
0.000077
-0.000026
-0.000053
0.000075
-0.000017
-0.000056
0.000068
-0.000007
-0.000060
0.000062
0.000000
-0.000058
0.000051
0.000009
-0.000057
0.000043
0.000013
-0.000049
0.000031
0.000018
-0.000044
0.000023
0.000016
-0.000032
0.000011
0.000016
-0.000023
0.000007
0.000009
-0.000008
-0.000001
0.000003
0.000002
-0.000001
-0.000010
0.000016
-0.000003
-0.000019
0.000023
0.000003
-0.000035
0.000033
0.000007
-0.000045
0.000035
0.000019
-0.000059
0.000039
0.000027
-0.000067
0.000034
0.000040
-0.000075
0.000031
0.000049
-0.000076
0.000021
0.000059
-0.000076
0.000013
0.000063
-0.000070
0.000002
0.000066
-0.000061
-0.000007
0.000063
-0.000049
-0.000013
0.000055
-0.000035
-0.000017
0.000044
-0.000023
-0.000015
0.000026
-0.000008
-0.000011
0.000011
-0.000001
0.000002
-0.000011
0.000008
0.000012
-0.000025
0.000005
0.000032
-0.000043
0.000006
0.000045
-0.000049
-0.000006
0.000064
-0.000058
-0.000012
0.000071
-0.000052
-0.000027
0.000081
-0.000050
-0.000033
0.000076
-0.000036
-0.000042
0.000072
-0.000027
-0.000040
0.000056
-0.000012
-0.000037
0.000039
-0.000004
-0.000023
0.000017
0.000002
-0.000006
-0.000004
0.000002
0.000015
-0.000020
-0.000006
0.000039
-0.000035
-0.000014
0.000056
-0.000037
-0.000031
0.000074
-0.000040
-0.000040
0.000076
-0.000027
-0.000055
0.000080
-0.000022
-0.000053
0.000063
-0.000005
-0.000054
0.000051
-0.000001
-0.000035
0.000024
0.000008
-0.000019
0.000006
0.000001
0.000010
-0.000015
-0.000006
0.000035
-0.000026
-0.000022
0.000058
-0.000030
-0.000040
0.000074
-0.000028
-0.000051
0.000076
-0.000015
-0.000063
0.000073
-0.000009
-0.000056
0.000052
0.000007
-0.000049
0.000035
0.000005
-0.000020
0.000005
0.000007
0.000003
-0.000010
-0.000011
0.000038
-0.000028
-0.000023
0.000058
-0.000027
-0.000045
0.000076
-0.000024
-0.000057
0.000076
-0.000013
-0.000061
0.000064
0.000001
-0.000055
0.000045
0.000004
-0.000030
0.000014
0.000009
-0.000007
-0.000005
-0.000007
0.000033
-0.000029
-0.000017
0.000054
-0.000029
-0.000043
0.000079
-0.000031
-0.000051
0.000075
-0.000014
-0.000060
0.000065
-0.000004
-0.000047
0.000038
0.000004
-0.000023
0.000007
0.000006
0.000007
-0.000016
-0.000010
0.000047
-0.000039
-0.000021
0.000066
-0.000035
-0.000046
0.000084
-0.000034
-0.000047
0.000068
-0.000012
-0.000050
0.000051
-0.000004
-0.000025
0.000013
0.000005
0.000004
-0.000018
-0.000001
0.000039
-0.000040
-0.000017
0.000071
-0.000052
-0.000028
0.000077
-0.000037
-0.000045
0.000076
-0.000028
-0.000033
0.000039
-0.000001
-0.000022
0.000009
0.000002
0.000017
-0.000034
0.000006
0.000047
-0.000054
-0.000008
0.000073
-0.000058
-0.000023
0.000079
-0.000048
-0.000026
0.000055
-0.000018
-0.000026
0.000026
-0.000003
0.000006
-0.000027
0.000018
0.000028
-0.000052
0.000008
0.000064
-0.000073
0.000002
0.000070
-0.000060
-0.000013
0.000059
-0.000033
-0.000017
0.000027
-0.000005
0.000002
-0.000025
0.000026
0.000018
-0.000055
0.000023
0.000053
-0.000083
0.000024
0.000056
-0.000065
0.000001
0.000052
-0.000038
-0.000005
0.000015
0.000003
-0.000000
-0.000032
0.000038
0.000012
-0.000063
0.000041
0.000040
-0.000086
0.000041
0.000039
-0.000059
0.000009
0.000036
-0.000028
0.000000
-0.000005
0.000025
-0.000008
-0.000043
0.000056
0.000004
-0.000071
0.000058
0.000024
-0.000078
0.000046
0.000020
-0.000038
0.000005
0.000016
0.000001
-0.000009
-0.000026
0.000057
-0.000023
-0.000051
0.000073
-0.000008
-0.000067
0.000062
0.000008
-0.000052
0.000030
0.000005
0.000001
-0.000020
-0.000000
0.000041
-0.000033
-0.000037
0.000084
-0.000041
-0.000045
0.000071
-0.000015
-0.000042
0.000035
0.000003
-0.000008
-0.000013
0.000002
0.000046
-0.000059
-0.000002
0.000069
-0.000053
-0.000031
0.000078
-0.000040
-0.000021
0.000029
0.000001
-0.000004
-0.000024
0.000019
0.000034
-0.000065
0.000012
0.000069
-0.000078
0.000006
0.000054
-0.000035
-0.000016
0.000025
-0.000000
0.000005
-0.000042
0.000041
0.000024
-0.000077
0.000040
0.000045
-0.000072
0.000015
0.000044
-0.000037
0.000003
-0.000007
0.000032
-0.000013
-0.000044
0.000056
0.000014
-0.000081
0.000059
0.000023
-0.000060
0.000023
0.000014
-0.000001
-0.000018
-0.000010
0.000048
-0.000018
-0.000059
0.000085
-0.000018
-0.000057
0.000050
0.000009
-0.000031
0.000003
0.000005
0.000029
-0.000037
-0.000022
0.000082
-0.000054
-0.000033
0.000068
-0.000016
-0.000040
0.000031
0.000000
0.000012
-0.000040
0.000013
0.000056
-0.000071
-0.000001
0.000070
-0.000048
-0.000024
0.000047
-0.000014
0.000002
-0.000032
0.000035
0.000024
-0.000071
0.000028
0.000056
-0.000072
0.000007
0.000044
-0.000026
-0.000001
-0.000020
0.000044
-0.000005
-0.000060
0.000052
0.000031
-0.000082
0.000039
0.000026
-0.000029
-0.000003
-0.000007
0.000044
-0.000027
-0.000044
0.000069
-0.000001
-0.000074
0.000062
0.000003
-0.000023
-0.000006
0.000005
0.000039
-0.000044
-0.000024
0.000078
-0.000034
-0.000051
0.000068
-0.000016
-0.000012
-0.000014
0.000018
0.000032
-0.000058
-0.000001
0.000075
-0.000060
-0.000021
0.000058
-0.000022
-0.000003
-0.000025
0.000036
0.000020
-0.000068
0.000025
0.000061
-0.000073
0.000006
0.000036
-0.000012
-0.000004
-0.000035
0.000057
0.000001
-0.000070
0.000048
0.000037
-0.000068
0.000021
0.000013
0.000011
-0.000019
-0.000035
0.000076
-0.000024
-0.000059
0.000059
0.000013
-0.000047
0.000015
0.000000
0.000038
-0.000048
-0.000022
0.000083
-0.000046
-0.000037
0.000050
0.000002
-0.000021
-0.000011
0.000007
0.000055
-0.000077
0.000004
0.000071
-0.000051
-0.000015
0.000023
0.000014
-0.000004
-0.000044
0.000032
0.000052
-0.000091
0.000028
0.000042
-0.000030
-0.000008
-0.000010
0.000045
-0.000008
-0.000064
0.000056
0.000031
-0.000075
0.000031
0.000010
0.000014
-0.000028
-0.000029
0.000077
-0.000027
-0.000057
0.000056
0.000012
-0.000035
0.000001
-0.000003
0.000058
-0.000062
-0.000021
0.000081
-0.000038
-0.000029
0.000020
0.000017
0.000005
-0.000047
0.000010
0.000074
-0.000080
-0.000001
0.000047
-0.000014
-0.000006
-0.000035
0.000050
0.000018
-0.000075
0.000028
0.000053
-0.000053
0.000002
-0.000005
0.000042
-0.000011
-0.000070
0.000077
0.000005
-0.000053
0.000012
0.000022
0.000011
-0.000027
-0.000035
0.000085
-0.000029
-0.000057
0.000056
-0.000002
0.000005
-0.000044
0.000014
0.000061
-0.000058
-0.000029
0.000068
-0.000017
-0.000018
-0.000014
0.000021
0.000049
-0.000091
0.000026
0.000052
-0.000036
-0.000015
-0.000001
0.000038
0.000003
-0.000072
0.000046
0.000046
-0.000069
0.000015
0.000000
0.000040
-0.000027
-0.000055
0.000080
-0.000004
-0.000053
0.000015
0.000022
0.000013
-0.000034
-0.000033
0.000091
-0.000039
-0.000044
0.000040
0.000003
0.000020
-0.000063
0.000020
0.000064
-0.000056
-0.000026
0.000046
0.000002
-0.000001
-0.000051
0.000035
0.000058
-0.000090
0.000020
0.000025
0.000009
-0.000018
-0.000045
0.000067
0.000012
-0.000072
0.000025
0.000033
-0.000008
-0.000016
-0.000040
0.000087
-0.000024
-0.000062
0.000049
0.000005
0.000014
-0.000052
0.000003
0.000072
-0.000043
-0.000043
0.000048
0.000006
0.000003
-0.000050
0.000013
0.000078
-0.000081
0.000000
0.000024
0.000018
-0.000004
-0.000065
0.000055
0.000036
-0.000063
-0.000002
0.000029
0.000015
-0.000010
-0.000067
0.000077
0.000013
-0.000064
0.000019
-0.000000
0.000052
-0.000054
-0.000034
0.000076
-0.000009
-0.000039
-0.000002
0.000020
0.000042
-0.000059
-0.000028
0.000085
-0.000034
-0.000012
-0.000025
0.000033
0.000049
-0.000092
0.000021
0.000040
-0.000004
-0.000023
-0.000033
0.000056
0.000025
-0.000079
0.000020
0.000035
-0.000001
-0.000014
-0.000058
0.000091
-0.000009
-0.000058
0.000021
0.000007
0.000046
-0.000063
-0.000022
0.000073
-0.000011
-0.000038
-0.000005
0.000021
0.000049
-0.000069
-0.000019
0.000076
-0.000026
-0.000001
-0.000050
0.000049
0.000047
-0.000086
0.000016
0.000020
0.000027
-0.000025
-0.000054
0.000062
0.000028
-0.000060
-0.000001
0.000012
0.000044
-0.000023
-0.000073
0.000083
-0.000002
-0.000016
-0.000029
-0.000004
0.000087
-0.000067
-0.000026
0.000032
0.000022
0.000006
-0.000066
0.000019
0.000067
-0.000043
-0.000028
0.000008
0.000031
0.000031
-0.000095
0.000035
0.000045
-0.000019
-0.000010
-0.000054
0.000089
-0.000004
-0.000062
0.000014
0.000014
0.000045
-0.000052
-0.000039
0.000069
0.000009
-0.000036
-0.000019
0.000006
0.000074
-0.000058
-0.000040
0.000053
0.000002
0.000025
-0.000085
0.000030
0.000066
-0.000049
-0.000008
-0.000030
0.000068
0.000009
-0.000077
0.000020
0.000033
0.000015
-0.000033
-0.000048
0.000069
0.000023
-0.000059
0.000000
-0.000003
0.000072
-0.000043
-0.000061
0.000065
-0.000001
0.000025
-0.000074
0.000006
0.000082
-0.000043
-0.000015
-0.000028
0.000053
0.000033
-0.000077
-0.000001
0.000039
0.000020
-0.000017
-0.000064
0.000049
0.000049
-0.000053
-0.000009
-0.000021
0.000076
-0.000008
-0.000081
0.000045
0.000004
0.000048
-0.000065
-0.000035
0.000083
-0.000014
-0.000005
-0.000057
0.000030
0.000067
-0.000054
-0.000027
0.000007
0.000044
0.000018
-0.000078
0.000006
0.000058
-0.000006
-0.000014
-0.000062
0.000062
0.000043
-0.000064
-0.000000
-0.000023
0.000086
-0.000023
-0.000073
0.000041
0.000006
0.000054
-0.000075
-0.000026
0.000071
-0.000002
-0.000003
-0.000066
0.000030
0.000066
-0.000040
-0.000033
-0.000008
0.000048
0.000033
-0.000078
-0.000006
0.000043
0.000020
-0.000004
-0.000085
0.000056
0.000041
-0.000025
-0.000019
-0.000052
0.000101
-0.000010
-0.000047
-0.000007
-0.000003
0.000093
-0.000069
-0.000033
0.000022
0.000027
0.000040
-0.000092
0.000006
0.000048
0.000016
-0.000016
-0.000069
0.000044
0.000053
-0.000030
-0.000033
-0.000022
0.000063
0.000029
-0.000074
-0.000003
0.000012
0.000059
-0.000016
-0.000084
0.000051
0.000015
0.000038
-0.000058
-0.000049
0.000088
-0.000010
0.000012
-0.000076
0.000013
0.000085
-0.000042
-0.000007
-0.000059
0.000065
0.000047
-0.000066
-0.000010
-0.000018
0.000080
-0.000004
-0.000072
0.000007
0.000022
0.000057
-0.000042
-0.000061
0.000040
0.000036
0.000014
-0.000057
-0.000036
0.000074
0.000014
-0.000020
-0.000051
-0.000002
0.000090
-0.000032
-0.000028
-0.000036
0.000035
0.000076
-0.000076
-0.000011
-0.000020
0.000065
0.000033
-0.000096
0.000018
-0.000005
0.000078
-0.000024
-0.000083
0.000044
0.000007
0.000067
-0.000072
-0.000045
0.000058
0.000013
0.000036
-0.000095
0.000002
0.000059
0.000011
-0.000002
-0.000088
0.000041
0.000052
-0.000003
-0.000032
-0.000060
0.000066
0.000039
-0.000026
-0.000043
-0.000026
0.000077
0.000019
-0.000049
-0.000033
0.000002
0.000080
-0.000010
-0.000061
-0.000011
0.000020
0.000076
-0.000045
-0.000055
0.000012
0.000030
0.000064
-0.000079
-0.000030
0.000024
0.000039
0.000042
-0.000102
0.000006
0.000024
0.000048
0.000007
-0.000105
0.000040
0.000017
0.000056
-0.000034
-0.000085
0.000061
0.000010
0.000058
-0.000075
-0.000048
0.000065
0.000010
0.000048
-0.000103
-0.000005
0.000055
0.000018
0.000024
-0.000113
0.000035
0.000038
0.000030
-0.000010
-0.000102
0.000060
0.000023
0.000040
-0.000046
-0.000075
0.000070
0.000016
0.000041
-0.000077
-0.000040
0.000066
0.000018
0.000031
-0.000096
-0.000007
0.000055
0.000026
0.000011
-0.000100
0.000020
0.000044
0.000036
-0.000014
-0.000092
0.000036
0.000036
0.000043
-0.000040
-0.000076
0.000042
0.000034
0.000045
-0.000061
-0.000057
0.000041
0.000038
0.000040
-0.000076
-0.000038
0.000036
0.000046
0.000030
-0.000084
-0.000023
0.000030
0.000055
0.000016
-0.000085
-0.000013
0.000025
0.000065
0.000000
-0.000080
-0.000010
0.000024
0.000074
-0.000015
-0.000071
-0.000013
0.000026
0.000078
-0.000027
-0.000060
-0.000022
0.000034
0.000078
-0.000034
-0.000050
-0.000034
0.000045
0.000071
-0.000033
-0.000045
-0.000045
0.000057
0.000061
-0.000023
-0.000047
-0.000051
0.000065
0.000049
-0.000008
-0.000056
-0.000051
0.000065
0.000042
0.000010
-0.000069
-0.000045
0.000056
0.000043
0.000025
-0.000081
-0.000035
0.000036
0.000054
0.000031
-0.000084
-0.000028
0.000012
0.000071
0.000028
-0.000075
-0.000030
-0.000009
0.000088
0.000020
-0.000053
-0.000045
-0.000021
0.000097
0.000013
-0.000023
-0.000068
-0.000022
0.000089
0.000016
0.000006
-0.000093
-0.000013
0.000064
0.000034
0.000025
-0.000107
-0.000005
0.000026
0.000063
0.000029
-0.000101
-0.000007
-0.000013
0.000095
0.000020
-0.000072
-0.000025
-0.000041
0.000114
0.000009
-0.000025
-0.000057
-0.000050
0.000109
0.000007
0.000025
-0.000091
-0.000042
0.000074
0.000020
0.000063
-0.000110
-0.000027
0.000019
0.000047
0.000078
-0.000101
-0.000017
-0.000041
0.000075
0.000071
-0.000060
-0.000021
-0.000085
0.000085
0.000051
0.000002
-0.000034
-0.000102
0.000066
0.000032
0.000062
-0.000045
-0.000089
0.000018
0.000021
0.000099
-0.000037
-0.000060
-0.000041
0.000016
0.000101
-0.000003
-0.000029
-0.000085
0.000005
0.000070
0.000046
-0.000006
-0.000092
-0.000021
0.000026
0.000087
0.000011
-0.000058
-0.000060
-0.000012
0.000092
0.000028
0.000001
-0.000094
-0.000032
0.000051
0.000051
0.000056
-0.000099
-0.000033
-0.000023
0.000071
0.000079
-0.000058
-0.000025
-0.000095
0.000073
0.000062
0.000018
-0.000015
-0.000126
0.000042
0.000017
0.000094
-0.000003
-0.000098
-0.000013
-0.000033
0.000125
0.000015
-0.000025
-0.000065
-0.000066
0.000089
0.000036
0.000053
-0.000076
-0.000072
0.000005
0.000046
0.000092
-0.000030
-0.000054
-0.000074
0.000028
0.000074
0.000050
-0.000024
-0.000093
-0.000022
0.000016
0.000108
0.000009
-0.000036
-0.000078
-0.000042
0.000093
0.000032
0.000059
-0.000099
-0.000060
0.000007
0.000035
0.000122
-0.000060
-0.000026
-0.000094
0.000013
0.000102
0.000017
0.000035
-0.000128
-0.000024
0.000011
0.000072
0.000080
-0.000065
-0.000046
-0.000079
0.000053
0.000076
0.000045
-0.000030
-0.000095
-0.000031
0.000025
0.000103
0.000020
-0.000020
-0.000104
-0.000030
0.000048
0.000065
0.000076
-0.000092
-0.000040
-0.000074
0.000060
0.000098
0.000003
0.000007
-0.000143
0.000007
0.000017
0.000088
0.000067
-0.000084
-0.000038
-0.000090
0.000071
0.000074
0.000046
-0.000021
-0.000109
-0.000031
0.000013
0.000104
0.000042
-0.000013
-0.000100
-0.000051
0.000018
0.000076
0.000091
-0.000051
-0.000038
-0.000115
0.000035
0.000072
0.000059
0.000045
-0.000130
-0.000026
-0.000058
0.000090
0.000092
-0.000003
-0.000019
-0.000136
0.000003
0.000026
0.000102
0.000050
-0.000050
-0.000078
-0.000073
0.000041
0.000073
0.000091
-0.000038
-0.000057
-0.000102
0.000006
0.000085
0.000058
0.000068
-0.000119
-0.000044
-0.000071
0.000056
0.000116
0.000013
0.000021
-0.000144
-0.000033
-0.000006
0.000084
0.000100
-0.000014
-0.000050
-0.000114
-0.000015
0.000042
0.000114
0.000035
-0.000017
-0.000108
-0.000073
0.000030
0.000050
0.000138
-0.000037
-0.000029
-0.000118
-0.000048
0.000081
0.000049
0.000121
-0.000069
-0.000062
-0.000096
-0.000017
0.000095
0.000076
0.000060
-0.000068
-0.000085
-0.000086
0.000043
0.000067
0.000113
0.000001
-0.000079
-0.000075
-0.000095
0.000100
0.000048
0.000115
-0.000020
-0.000102
-0.000061
-0.000079
0.000107
0.000069
0.000088
-0.000030
-0.000099
-0.000088
-0.000024
0.000076
0.000097
0.000078
-0.000064
-0.000061
-0.000134
0.000023
0.000062
0.000096
0.000093
-0.000091
-0.000045
-0.000141
0.000019
0.000072
0.000096
0.000084
-0.000063
-0.000080
-0.000113
-0.000002
0.000058
0.000134
0.000040
-0.000002
-0.000115
-0.000108
-0.000001
0.000017
0.000172
0.000025
0.000027
-0.000107
-0.000123
-0.000016
0.000008
0.000148
0.000068
0.000030
-0.000091
-0.000105
-0.000086
0.000038
0.000090
0.000110
0.000064
-0.000094
-0.000061
-0.000154
0.000031
0.000058
0.000114
0.000108
-0.000059
-0.000056
-0.000153
-0.000034
0.000030
0.000121
0.000100
0.000045
-0.000077
-0.000117
-0.000086
-0.000043
0.000134
0.000067
0.000135
-0.000042
-0.000094
-0.000103
-0.000109
0.000073
0.000072
0.000148
0.000042
-0.000034
-0.000129
-0.000102
-0.000062
0.000069
0.000127
0.000089
0.000080
-0.000125
-0.000071
-0.000152
-0.000010
0.000084
0.000102
0.000145
-0.000012
-0.000055
-0.000149
-0.000094
-0.000037
0.000108
0.000105
0.000134
0.000010
-0.000098
-0.000096
-0.000169
0.000037
0.000032
0.000164
0.000113
0.000016
-0.000055
-0.000156
-0.000110
-0.000049
0.000081
0.000110
0.000169
0.000006
-0.000012
-0.000157
-0.000139
-0.000039
-0.000010
0.000179
0.000099
0.000117
-0.000032
-0.000110
-0.000153
-0.000099
-0.000019
0.000105
0.000156
0.000099
0.000083
-0.000132
-0.000088
-0.000183
-0.000054
0.000053
0.000104
0.000187
0.000075
0.000013
-0.000121
-0.000142
-0.000158
-0.000001
0.000031
0.000183
0.000142
0.000068
0.000013
-0.000180
-0.000112
-0.000166
-0.000005
0.000078
0.000161
0.000151
0.000095
-0.000045
-0.000126
-0.000157
-0.000171
0.000021
0.000019
0.000211
0.000139
0.000105
0.000003
-0.000143
-0.000157
-0.000167
-0.000058
0.000040
0.000176
0.000139
0.000189
-0.000016
-0.000056
-0.000172
-0.000205
-0.000077
-0.000048
0.000147
0.000160
0.000192
0.000088
0.000006
-0.000163
-0.000155
-0.000202
-0.000088
0.000056
0.000094
0.000255
0.000126
0.000122
-0.000054
-0.000143
-0.000208
-0.000170
-0.000110
0.000051
0.000146
0.000186
0.000237
0.000043
0.000037
-0.000185
-0.000189
-0.000205
-0.000134
0.000006
0.000126
0.000202
0.000219
0.000172
-0.000004
-0.000039
-0.000258
-0.000182
-0.000214
-0.000082
0.000070
0.000150
0.000249
0.000217
0.000142
-0.000006
-0.000093
-0.000272
-0.000188
-0.000247
-0.000055
0.000054
0.000159
0.000280
0.000220
0.000182
0.000029
-0.000093
-0.000244
-0.000223
-0.000297
-0.000093
-0.000038
0.000141
0.000263
0.000247
0.000275
0.000114
0.000003
-0.000164
-0.000235
-0.000334
-0.000202
-0.000199
0.000037
0.000142
0.000244
0.000345
0.000244
0.000204
0.000018
-0.000114
-0.000272
-0.000286
-0.000366
-0.000180
-0.000134
0.000080
0.000232
0.000285
0.000385
0.000276
0.000202
0.000020
-0.000120
-0.000313
-0.000310
-0.000425
-0.000256
-0.000184
-0.000007
0.000204
0.000282
0.000417
0.000386
0.000331
0.000169
0.000045
-0.000225
-0.000265
-0.000467
-0.000419
-0.000379
-0.000280
-0.000057
0.000094
0.000293
0.000418
0.000502
0.000438
0.000439
0.000167
0.000086
-0.000196
-0.000352
-0.000472
-0.000567
-0.000532
-0.000438
-0.000287
-0.000091
0.000178
0.000291
0.000579
0.000566
0.000672
0.000580
0.000449
0.000261
0.000040
-0.000232
-0.000425
-0.000612
-0.000773
-0.000722
-0.000796
-0.000562
-0.000445
-0.000164
0.000090
0.000384
0.000586
0.000850
0.000924
0.001001
0.000999
0.000802
0.000707
0.000359
0.000113
-0.000245
-0.000543
-0.000896
-0.001072
-0.001365
-0.001396
-0.001466
-0.001416
-0.001206
-0.001033
-0.000668
-0.000316
0.000119
0.000535
0.001059
0.001392
0.001922
0.002180
0.002525
0.002731
0.002830
0.002866
0.002785
0.002565
0.002268
0.001873
0.001267
0.000745
-0.000109
-0.000847
-0.001814
-0.002791
-0.003881
-0.004976
-0.006240
-0.007417
-0.008756
-0.010101
-0.011410
-0.012900
-0.014245
-0.015746
-0.017187
-0.018696
-0.020138
-0.021736
-0.023136
-0.024763
-0.026228
-0.027770
-0.029333
-0.030841
-0.032393
-0.033949
-0.035480
-0.037008
-0.038622
-0.040059
-0.041728
-0.043177
-0.044781
-0.046305
-0.047871
-0.049377
-0.050995
-0.052462
-0.054062
-0.055607
-0.057101
-0.058727
-0.060199
-0.061788
-0.063313
-0.064879
-0.066368
-0.068009
-0.069429
-0.071084
-0.072555
-0.074118
-0.075668
-0.077202
-0.078722
-0.080304
-0.081807
-0.083342
-0.084939
-0.086376
-0.088020
-0.089476
-0.091056
-0.092566
-0.094139
-0.095599
-0.097239
-0.098664
-0.100269
-0.101782
-0.103288
-0.104855
-0.106367
-0.107885
-0.109432
-0.110968
-0.112436
-0.114067
-0.115472
-0.117096
-0.118562
-0.120112
-0.121608
-0.123186
-0.124617
-0.126236
-0.127684
-0.129221
-0.130771
-0.132236
-0.133788
-0.135298
-0.136803
-0.138307
-0.139876
-0.141283
-0.142918
-0.144323
-0.145895
-0.147376
-0.148906
-0.150362
-0.151953
-0.153360
-0.154935
-0.156419
-0.157888
-0.159442
-0.160903
-0.162408
-0.163915
-0.165420
-0.166860
-0.168458
-0.169828
-0.171424
-0.172854
-0.174371
-0.175834
-0.177378
-0.178772
-0.180361
-0.181771
-0.183274
-0.184784
-0.186222
-0.187725
-0.189212
-0.190669
-0.192140
-0.193672
-0.195042
-0.196632
-0.198011
-0.199531
-0.200975
-0.202478
-0.203870
-0.205445
-0.206795
-0.208335
-0.209773
-0.211216
-0.212693
-0.214160
-0.215576
-0.217070
-0.218522
-0.219918
-0.221464
-0.222816
-0.224328
-0.225745
-0.227210
-0.228604
-0.230142
-0.231455
-0.233011
-0.234375
-0.235835
-0.237265
-0.238721
-0.240093
-0.241602
-0.242970
-0.244405
-0.245875
-0.247231
-0.248704
-0.250110
-0.251523
-0.252927
-0.254406
-0.255710
-0.257246
-0.258560
-0.260021
-0.261405
-0.262846
-0.264175
-0.265688
-0.266978
-0.268448
-0.269830
-0.271208
-0.272613
-0.274030
-0.275368
-0.276800
-0.278192
-0.279517
-0.280990
-0.282295
-0.283714
-0.285082
-0.286479
-0.287788
-0.289275
-0.290516
-0.291988
-0.293302
-0.294688
-0.296023
-0.297453
-0.298709
-0.300171
-0.301465
-0.302825
-0.304205
-0.305537
-0.306867
-0.308260
-0.309570
-0.310898
-0.312309
-0.313553
-0.314965
-0.316266
-0.317608
-0.318913
-0.320316
-0.321524
-0.322976
-0.324206
-0.325571
-0.326869
-0.328224
-0.329456
-0.330882
-0.332090
-0.333451
-0.334757
-0.336042
-0.337339
-0.338684
-0.339920
-0.341250
-0.342565
-0.343787
-0.345152
-0.346395
-0.347685
-0.348969
-0.350284
-0.351473
-0.352870
-0.354034
-0.355371
-0.356613
-0.357908
-0.359103
-0.360481
-0.361614
-0.362965
-0.364181
-0.365441
-0.366674
-0.367982
-0.369136
-0.370463
-0.371671
-0.372889
-0.374168
-0.375384
-0.376593
-0.377864
-0.379078
-0.380259
-0.381571
-0.382701
-0.383971
-0.385173
-0.386396
-0.387556
-0.388868
-0.389945
-0.391254
-0.392398
-0.393620
-0.394780
-0.396055
-0.397124
-0.398433
-0.399542
-0.400749
-0.401925
-0.403134
-0.404233
-0.405503
-0.406604
-0.407784
-0.408981
-0.410113
-0.411265
-0.412468
-0.413580
-0.414728
-0.415939
-0.417001
-0.418207
-0.419333
-0.420466
-0.421583
-0.422792
-0.423806
-0.425047
-0.426104
-0.427254
-0.428350
-0.429534
-0.430532
-0.431776
-0.432787
-0.433940
-0.435026
-0.436166
-0.437177
-0.438392
-0.439382
-0.440522
-0.441607
-0.442691
-0.443735
-0.444894
-0.445887
-0.447000
-0.448089
-0.449113
-0.450199
-0.451286
-0.452298
-0.453375
-0.454466
-0.455437
-0.456559
-0.457573
-0.458608
-0.459648
-0.460734
-0.461665
-0.462810
-0.463759
-0.464814
-0.465821
-0.466889
-0.467800
-0.468945
-0.469847
-0.470910
-0.471891
-0.472931
-0.473839
-0.474963
-0.475836
-0.476893
-0.477859
-0.478859
-0.479780
-0.480862
-0.481726
-0.482763
-0.483721
-0.484675
-0.485618
-0.486645
-0.487513
-0.488520
-0.489474
-0.490380
-0.491348
-0.492312
-0.493194
-0.494163
-0.495116
-0.495975
-0.496966
-0.497866
-0.498764
-0.499695
-0.500642
-0.501462
-0.502467
-0.503309
-0.504220
-0.505114
-0.506051
-0.506840
-0.507849
-0.508642
-0.509559
-0.510421
-0.511341
-0.512109
-0.513109
-0.513864
-0.514780
-0.515616
-0.516511
-0.517266
-0.518247
-0.518974
-0.519879
-0.520696
-0.521560
-0.522311
-0.523263
-0.523971
-0.524857
-0.525660
-0.526488
-0.527241
-0.528155
-0.528853
-0.529712
-0.530507
-0.531295
-0.532053
-0.532924
-0.533617
-0.534446
-0.535234
-0.535980
-0.536745
-0.537571
-0.538262
-0.539056
-0.539840
-0.540544
-0.541314
-0.542096
-0.542786
-0.543544
-0.544324
-0.544986
-0.545760
-0.546498
-0.547186
-0.547909
-0.548682
-0.549306
-0.550080
-0.550777
-0.551461
-0.552150
-0.552915
-0.553503
-0.554274
-0.554932
-0.555609
-0.556266
-0.557021
-0.557576
-0.558339
-0.558963
-0.559630
-0.560257
-0.561000
-0.561524
-0.562275
-0.562870
-0.563523
-0.564122
-0.564849
-0.565346
-0.566082
-0.566650
-0.567286
-0.567859
-0.568570
-0.569042
-0.569758
-0.570303
-0.570920
-0.571468
-0.572160
-0.572609
-0.573303
-0.573828
-0.574423
-0.574947
-0.575620
-0.576047
-0.576716
-0.577224
-0.577796
-0.578296
-0.578949
-0.579356
-0.579997
-0.580489
-0.581037
-0.581513
-0.582146
-0.582534
-0.583145
-0.583622
-0.584146
-0.584597
-0.585211
-0.585580
-0.586161
-0.586623
-0.587124
-0.587549
-0.588142
-0.588495
-0.589042
-0.589490
-0.589969
-0.590366
-0.590940
-0.591276
-0.591790
-0.592223
-0.592681
-0.593049
-0.593602
-0.593924
-0.594403
-0.594820
-0.595260
-0.595597
-0.596129
-0.596437
-0.596882
-0.597280
-0.597705
-0.598010
-0.598519
-0.598816
-0.599226
-0.599603
-0.600015
-0.600287
-0.600772
-0.601059
-0.601436
-0.601787
-0.602189
-0.602429
-0.602888
-0.603165
-0.603511
-0.603833
-0.604227
-0.604436
-0.604865
-0.605133
-0.605451
-0.605739
-0.606128
-0.606308
-0.606703
-0.606962
-0.607257
-0.607506
-0.607889
-0.608044
-0.608403
-0.608651
-0.608928
-0.609135
-0.609510
-0.609645
-0.609966
-0.610199
-0.610464
-0.610626
-0.610989
-0.611110
-0.611391
-0.611604
-0.611863
-0.611979
-0.612326
-0.612437
-0.612680
-0.612866
-0.613124
-0.613198
-0.613519
-0.613625
-0.613833
-0.613985
-0.614244
-0.614281
-0.614570
-0.614673
-0.614852
-0.614963
-0.615223
-0.615231
-0.615478
-0.615578
-0.615736
-0.615800
-0.616056
-0.616047
-0.616247
-0.616338
-0.616483
-0.616500
-0.616742
-0.616728
-0.616877
-0.616953
-0.617093
-0.617065
-0.617281
-0.617271
-0.617371
-0.617423
-0.617561
-0.617498
-0.617672
-0.617673
-0.617731
-0.617749
-0.617883
-0.617800
-0.617919
-0.617931
-0.617957
-0.617935
-0.618057
-0.617970
-0.618024
-0.618043
-0.618048
-0.617985
-0.618080
-0.618007
-0.617992
-0.618006
-0.617999
-0.617904
-0.617952
-0.617904
-0.617828
-0.617822
-0.617806
-0.617694
-0.617676
-0.617657
-0.617533
-0.617496
-0.617463
-0.617354
-0.617259
-0.617260
-0.617106
-0.617032
-0.616969
-0.616881
-0.616708
-0.616710
-0.616544
-0.616436
-0.616324
-0.616267
-0.616030
-0.616009
-0.615839
-0.615712
-0.615534
-0.615503
-0.615228
-0.615162
-0.614987
-0.614857
-0.614608
-0.614583
-0.614299
-0.614178
-0.613983
-0.613866
-0.613557
-0.613504
-0.613237
-0.613063
-0.612832
-0.612726
-0.612386
-0.612273
-0.612031
-0.611821
-0.611542
-0.611430
-0.611096
-0.610900
-0.610674
-0.610446
-0.610125
-0.609972
-0.609677
-0.609397
-0.609165
-0.608929
-0.608590
-0.608360
-0.608116
-0.607772
-0.607512
-0.607260
-0.606936
-0.606608
-0.606399
-0.606024
-0.605727
-0.605433
-0.605153
-0.604733
-0.604522
-0.604143
-0.603820
-0.603456
-0.603221
-0.602746
-0.602493
-0.602116
-0.601791
-0.601346
-0.601126
-0.600647
-0.600327
-0.599937
-0.599628
-0.599122
-0.598865
-0.598420
-0.598038
-0.597612
-0.597312
-0.596795
-0.596449
-0.596048
-0.595629
-0.595159
-0.594830
-0.594356
-0.593904
-0.593520
-0.593088
-0.592595
-0.592185
-0.591782
-0.591247
-0.590842
-0.590397
-0.589924
-0.589403
-0.589047
-0.588482
-0.588034
-0.587548
-0.587126
-0.586511
-0.586145
-0.585591
-0.585111
-0.584553
-0.584173
-0.583527
-0.583089
-0.582554
-0.582071
-0.581443
-0.581044
-0.580438
-0.579909
-0.579366
-0.578890
-0.578241
-0.577750
-0.577215
-0.576621
-0.576044
-0.575543
-0.574943
-0.574326
-0.573831
-0.573217
-0.572614
-0.572033
-0.571515
-0.570805
-0.570289
-0.569671
-0.569084
-0.568391
-0.567918
-0.567194
-0.566616
-0.565971
-0.565428
-0.564660
-0.564144
-0.563465
-0.562836
-0.562135
-0.561605
-0.560853
-0.560225
-0.559588
-0.558943
-0.558202
-0.557604
-0.556939
-0.556202
-0.555558
-0.554904
-0.554189
-0.553457
-0.552868
-0.552090
-0.551408
-0.550700
-0.550063
-0.549221
-0.548623
-0.547861
-0.547161
-0.546361
-0.545772
-0.544920
-0.544233
-0.543484
-0.542801
-0.541939
-0.541294
-0.540519
-0.539743
-0.538967
-0.538282
-0.537455
-0.536669
-0.535966
-0.535158
-0.534353
-0.533588
-0.532865
-0.531963
-0.531250
-0.530440
-0.529660
-0.528766
-0.528102
-0.527191
-0.526412
-0.525568
-0.524845
-0.523884
-0.523155
-0.522307
-0.521484
-0.520580
-0.519850
-0.518949
-0.518082
-0.517270
-0.516441
-0.515529
-0.514678
-0.513891
-0.512940
-0.512100
-0.511238
-0.510405
-0.509409
-0.508653
-0.507711
-0.506842
-0.505888
-0.505129
-0.504103
-0.503258
-0.502345
-0.501491
-0.500469
-0.499655
-0.498724
-0.497775
-0.496842
-0.495983
-0.495014
-0.494039
-0.493190
-0.492213
-0.491259
-0.490300
-0.489452
-0.488373
-0.487494
-0.486519
-0.485608
-0.484523
-0.483697
-0.482658
-0.481699
-0.480684
-0.479814
-0.478728
-0.477771
-0.476816
-0.475827
-0.474775
-0.473824
-0.472866
-0.471775
-0.470820
-0.469820
-0.468826
-0.467714
-0.466831
-0.465734
-0.464732
-0.463659
-0.462755
-0.461588
-0.460619
-0.459576
-0.458573
-0.457430
-0.456477
-0.455421
-0.454324
-0.453278
-0.452269
-0.451188
-0.450059
-0.449099
-0.447976
-0.446909
-0.445795
-0.444840
-0.443624
-0.442610
-0.441506
-0.440479
-0.439261
-0.438282
-0.437155
-0.436044
-0.434908
-0.433889
-0.432735
-0.431582
-0.430541
-0.429410
-0.428270
-0.427117
-0.426108
-0.424865
-0.423784
-0.422634
-0.421580
-0.420301
-0.419274
-0.418101
-0.416968
-0.415747
-0.414708
-0.413504
-0.412316
-0.411193
-0.410060
-0.408858
-0.407655
-0.406595
-0.405340
-0.404185
-0.402986
-0.401911
-0.400585
-0.399491
-0.398284
-0.397136
-0.395834
-0.394756
-0.393527
-0.392301
-0.391094
-0.389953
-0.388714
-0.387447
-0.386332
-0.385077
-0.383859
-0.382594
-0.381502
-0.380152
-0.378979
-0.377730
-0.376581
-0.375215
-0.374070
-0.372830
-0.371581
-0.370287
-0.369115
-0.367872
-0.366542
-0.365355
-0.364101
-0.362854
-0.361502
-0.360381
-0.359034
-0.357791
-0.356473
-0.355328
-0.353935
-0.352698
-0.351435
-0.350188
-0.348827
-0.347579
-0.346354
-0.344988
-0.343716
-0.342432
-0.341203
-0.339771
-0.338582
-0.337248
-0.335979
-0.334568
-0.333396
-0.332026
-0.330704
-0.329380
-0.328138
-0.326770
-0.325407
-0.324175
-0.322815
-0.321484
-0.320109
-0.318911
-0.317456
-0.316169
-0.314810
-0.313564
-0.312092
-0.310822
-0.309492
-0.308142
-0.306737
-0.305439
-0.304131
-0.302679
-0.301379
-0.300020
-0.298708
-0.297217
-0.295986
-0.294571
-0.293224
-0.291777
-0.290531
-0.289096
-0.287699
-0.286346
-0.285010
-0.283597
-0.282158
-0.280891
-0.279440
-0.278067
-0.276624
-0.275371
-0.273852
-0.272502
-0.271097
-0.269772
-0.268268
-0.266906
-0.265555
-0.264111
-0.262685
-0.261286
-0.259965
-0.258426
-0.257085
-0.255653
-0.254307
-0.252753
-0.251445
-0.250008
-0.248584
-0.247103
-0.245755
-0.244339
-0.242827
-0.241456
-0.240027
-0.238627
-0.237072
-0.235773
-0.234280
-0.232862
-0.231344
-0.230029
-0.228523
-0.227054
-0.225632
-0.224225
-0.222753
-0.221231
-0.219900
-0.218387
-0.216950
-0.215423
-0.214110
-0.212543
-0.211106
-0.209635
-0.208250
-0.206706
-0.205231
-0.203844
-0.202340
-0.200862
-0.199351
-0.198011
-0.196417
-0.194987
-0.193485
-0.192109
-0.190509
-0.189072
-0.187628
-0.186145
-0.184615
-0.183133
-0.181748
-0.180155
-0.178708
-0.177195
-0.175812
-0.174179
-0.172761
-0.171270
-0.169809
-0.168228
-0.166776
-0.165341
-0.163766
-0.162283
-0.160776
-0.159372
-0.157726
-0.156308
-0.154787
-0.153340
-0.151718
-0.150287
-0.148807
-0.147257
-0.145730
-0.144237
-0.142806
-0.141163
-0.139725
-0.138191
-0.136751
-0.135098
-0.133676
-0.132161
-0.130637
-0.129064
-0.127587
-0.126128
-0.124500
-0.123029
-0.121493
-0.120053
-0.118383
-0.116955
-0.115418
-0.113918
-0.112303
-0.110835
-0.109354
-0.107746
-0.106236
-0.104701
-0.103262
-0.101585
-0.100138
-0.098588
-0.097111
-0.095462
-0.093994
-0.092496
-0.090914
-0.089362
-0.087827
-0.086388
-0.084716
-0.083242
-0.081680
-0.080227
-0.078556
-0.077075
-0.075563
-0.074013
-0.072427
-0.070882
-0.069444
-0.067789
-0.066284
-0.064706
-0.063277
-0.061599
-0.060097
-0.058569
-0.057054
-0.055445
-0.053880
-0.052440
-0.050813
-0.049283
-0.047680
-0.046270
-0.044604
-0.043078
-0.041524
-0.040043
-0.038432
-0.036839
-0.035386
-0.033795
-0.032256
-0.030617
-0.029215
-0.027577
-0.026036
-0.024444
-0.022988
-0.021398
-0.019780
-0.018298
-0.016740
-0.015217
-0.013541
-0.012124
-0.010523
-0.008989
-0.007354
-0.005897
-0.004348
-0.002722
-0.001198
0.000348
0.001831
0.003528
0.004983
0.006557
0.008059
0.009723
0.011213
0.012721
0.014326
0.015886
0.017455
0.018889
0.020574
0.022076
0.023653
0.025109
0.026765
0.028312
0.029804
0.031365
0.032929
0.034553
0.035960
0.037597
0.039125
0.040740
0.042169
0.043771
0.045366
0.046879
0.048408
0.049925
0.051601
0.053029
0.054612
0.056118
0.057776
0.059230
0.060757
0.062354
0.063905
0.065449
0.066891
0.068571
0.070054
0.071621
0.073072
0.074724
0.076252
0.077734
0.079288
0.080841
0.082453
0.083848
0.085472
0.086988
0.088593
0.090013
0.091589
0.093180
0.094679
0.096200
0.097683
0.099356
0.100780
0.102337
0.103821
0.105461
0.106931
0.108409
0.109993
0.111524
0.113084
0.114478
0.116128
0.117618
0.119172
0.120598
0.122189
0.123755
0.125203
0.126734
0.128227
0.129869
0.131252
0.132811
0.134311
0.135906
0.137351
0.138820
0.140421
0.141905
0.143440
0.144833
0.146481
0.147942
0.149453
0.150897
0.152463
0.154016
0.155416
0.156961
0.158435
0.160048
0.161408
0.162950
0.164457
0.165997
0.167444
0.168878
0.170488
0.171925
0.173445
0.174826
0.176447
0.177901
0.179362
0.180821
0.182335
0.183894
0.185247
0.186788
0.188236
0.189818
0.191177
0.192666
0.194185
0.195666
0.197130
0.198504
0.200111
0.201521
0.203015
0.204385
0.205945
0.207425
0.208820
0.210291
0.211734
0.213308
0.214628
0.216129
0.217564
0.219099
0.220487
0.221883
0.223418
0.224841
0.226325
0.227638
0.229204
0.230623
0.232069
0.233443
0.234901
0.236430
0.237763
0.239226
0.240599
0.242164
0.243499
0.244912
0.246347
0.247808
0.249258
0.250549
0.252067
0.253456
0.254939
0.256231
0.257686
0.259151
0.260532
0.261932
0.263260
0.264810
0.266133
0.267550
0.268880
0.270363
0.271781
0.273082
0.274512
0.275877
0.277381
0.278633
0.280053
0.281439
0.282874
0.284226
0.285514
0.287000
0.288337
0.289762
0.291003
0.292459
0.293849
0.295191
0.296529
0.297847
0.299344
0.300604
0.301984
0.303270
0.304727
0.306068
0.307338
0.308720
0.310049
0.311497
0.312695
0.314082
0.315414
0.316809
0.318101
0.319352
0.320785
0.322076
0.323454
0.324643
0.326053
0.327390
0.328691
0.329976
0.331239
0.332687
0.333906
0.335236
0.336462
0.337864
0.339170
0.340389
0.341710
0.342977
0.344390
0.345548
0.346863
0.348137
0.349483
0.350752
0.351926
0.353293
0.354537
0.355885
0.357021
0.358335
0.359639
0.360897
0.362148
0.363309
0.364702
0.365900
0.367179
0.368334
0.369637
0.370944
0.372109
0.373366
0.374532
0.375911
0.377062
0.378282
0.379485
0.380748
0.382039
0.383130
0.384404
0.385579
0.386903
0.388028
0.389200
0.390455
0.391658
0.392919
0.393970
0.395253
0.396435
0.397676
0.398801
0.399933
0.401226
0.402360
0.403583
0.404631
0.405897
0.407086
0.408231
0.409376
0.410477
0.411779
0.412856
0.414032
0.415106
0.416327
0.417522
0.418577
0.419746
0.420826
0.422101
0.423147
0.424264
0.425383
0.426538
0.427734
0.428719
0.429896
0.430973
0.432187
0.433231
0.434280
0.435446
0.436532
0.437711
0.438661
0.439816
0.440912
0.442037
0.443099
0.444083
0.445276
0.446312
0.447447
0.448399
0.449499
0.450628
0.451659
0.452736
0.453675
0.454860
0.455880
0.456939
0.457923
0.458950
0.460107
0.461061
0.462127
0.463057
0.464189
0.465227
0.466191
0.467214
0.468174
0.469330
0.470249
0.471263
0.472220
0.473267
0.474337
0.475217
0.476251
0.477179
0.478288
0.479220
0.480146
0.481146
0.482106
0.483190
0.484024
0.485020
0.485961
0.486983
0.487955
0.488789
0.489811
0.490719
0.491769
0.492612
0.493522
0.494503
0.495429
0.496430
0.497207
0.498195
0.499107
0.500075
0.500964
0.501771
0.502777
0.503643
0.504623
0.505404
0.506300
0.507251
0.508123
0.509051
0.509789
0.510761
0.511630
0.512533
0.513362
0.514143
0.515122
0.515934
0.516848
0.517584
0.518454
0.519369
0.520177
0.521048
0.521751
0.522692
0.523514
0.524351
0.525136
0.525880
0.526825
0.527581
0.528434
0.529135
0.529963
0.530841
0.531584
0.532408
0.533072
0.533969
0.534750
0.535520
0.536271
0.536965
0.537870
0.538575
0.539370
0.540039
0.540807
0.541653
0.542335
0.543116
0.543737
0.544575
0.545325
0.546028
0.546750
0.547382
0.548241
0.548907
0.549642
0.550282
0.550975
0.551791
0.552419
0.553156
0.553733
0.554496
0.555227
0.555864
0.556558
0.557122
0.557924
0.558565
0.559235
0.559852
0.560455
0.561239
0.561824
0.562513
0.563054
0.563722
0.564439
0.565016
0.565682
0.566181
0.566903
0.567533
0.568136
0.568739
0.569245
0.569979
0.570539
0.571172
0.571692
0.572245
0.572942
0.573470
0.574106
0.574557
0.575169
0.575793
0.576332
0.576929
0.577348
0.577998
0.578545
0.579116
0.579640
0.580072
0.580720
0.581213
0.581809
0.582249
0.582725
0.583328
0.583806
0.584398
0.584770
0.585296
0.585828
0.586326
0.586874
0.587215
0.587768
0.588231
0.588765
0.589239
0.589589
0.590132
0.590549
0.591110
0.591502
0.591887
0.592383
0.592791
0.593351
0.593675
0.594099
0.594527
0.594956
0.595479
0.595768
0.596213
0.596572
0.597038
0.597497
0.597785
0.598220
0.598530
0.599027
0.599411
0.599725
0.600117
0.600406
0.600913
0.601230
0.601579
0.601904
0.602204
0.602689
0.602964
0.603337
0.603591
0.603919
0.604353
0.604617
0.604992
0.605185
0.605543
0.605909
0.606189
0.606538
0.606695
0.607068
0.607364
0.607677
0.607975
0.608123
0.608487
0.608726
0.609072
0.609308
0.609469
0.609797
0.610001
0.610366
0.610541
0.610730
0.610997
0.611192
0.611554
0.611683
0.611898
0.612093
0.612297
0.612632
0.612737
0.612967
0.613091
0.613313
0.613600
0.613707
0.613933
0.613996
0.614234
0.614461
0.614589
0.614792
0.614815
0.615057
0.615220
0.615381
0.615545
0.615550
0.615775
0.615881
0.616077
0.616193
0.616200
0.616389
0.616451
0.616670
0.616739
0.616765
0.616899
0.616931
0.617158
0.617186
0.617238
0.617307
0.617324
0.617536
0.617537
0.617617
0.617618
0.617629
0.617804
0.617793
0.617894
0.617836
0.617846
0.617965
0.617953
0.618066
0.617962
0.617974
0.618023
0.618018
0.618128
0.617999
0.618010
0.617983
0.617986
0.618078
0.617944
0.617953
0.617851
0.617858
0.617915
0.617795
0.617798
0.617633
0.617634
0.617643
0.617548
0.617541
0.617333
0.617317
0.617265
0.617197
0.617179
0.616949
0.616909
0.616788
0.616741
0.616706
0.616478
0.616412
0.616221
0.616180
0.616119
0.615914
0.615824
0.615572
0.615519
0.615419
0.615248
0.615141
0.614846
0.614764
0.614611
0.614473
0.614355
0.614041
0.613922
0.613705
0.613585
0.613457
0.613151
0.612998
0.612711
0.612590
0.612441
0.612163
0.611989
0.611642
0.611496
0.611308
0.611067
0.610886
0.610500
0.610316
0.610069
0.609853
0.609673
0.609281
0.609061
0.608740
0.608525
0.608339
0.607968
0.607729
0.607336
0.607097
0.606883
0.606543
0.606309
0.605867
0.605587
0.605315
0.604997
0.604778
0.604322
0.604011
0.603660
0.603333
0.603121
0.602681
0.602364
0.601937
0.601574
0.601336
0.600921
0.600627
0.600153
0.599746
0.599445
0.599032
0.598770
0.598290
0.597860
0.597479
0.597031
0.596778
0.596316
0.595902
0.595459
0.594953
0.594664
0.594208
0.593838
0.593374
0.592824
0.592465
0.591975
0.591636
0.591188
0.590638
0.590214
0.589654
0.589301
0.588865
0.588356
0.587912
0.587286
0.586874
0.586405
0.585936
0.585515
0.584872
0.584400
0.583853
0.583375
0.582978
0.582368
0.581883
0.581259
0.580720
0.580297
0.579721
0.579275
0.578627
0.578028
0.577525
0.576929
0.576517
0.575902
0.575299
0.574722
0.574052
0.573613
0.573023
0.572470
0.571883
0.571150
0.570631
0.570001
0.569480
0.568936
0.568211
0.567633
0.566914
0.566350
0.565821
0.565150
0.564591
0.563820
0.563171
0.562578
0.561916
0.561410
0.560669
0.559987
0.559305
0.558570
0.558054
0.557362
0.556728
0.556029
0.555213
0.554610
0.553887
0.553293
0.552651
0.551844
0.551174
0.550355
0.549704
0.549084
0.548339
0.547703
0.546842
0.546094
0.545396
0.544642
0.544063
0.543260
0.542499
0.541720
0.540865
0.540244
0.539481
0.538787
0.538037
0.537124
0.536398
0.535560
0.534863
0.534186
0.533329
0.532588
0.531662
0.530856
0.530141
0.529324
0.528659
0.527771
0.526902
0.526083
0.525175
0.524505
0.523693
0.522888
0.522074
0.521076
0.520288
0.519421
0.518639
0.517917
0.516973
0.516146
0.515179
0.514276
0.513530
0.512642
0.511900
0.510977
0.510001
0.509138
0.508154
0.507399
0.506566
0.505667
0.504824
0.503755
0.502862
0.501957
0.501063
0.500318
0.499336
0.498428
0.497436
0.496397
0.495583
0.494640
0.493820
0.492923
0.491858
0.490932
0.489861
0.488960
0.488123
0.487157
0.486310
0.485229
0.484191
0.483228
0.482189
0.481386
0.480434
0.479462
0.478494
0.477328
0.476370
0.475363
0.474417
0.473581
0.472510
0.471530
0.470422
0.469303
0.468389
0.467354
0.466480
0.465503
0.464377
0.463360
0.462171
0.461167
0.460223
0.459197
0.458310
0.457175
0.456061
0.454974
0.453798
0.452882
0.451864
0.450869
0.449881
0.448650
0.447566
0.446405
0.445314
0.444405
0.443322
0.442343
0.441211
0.439969
0.438887
0.437685
0.436691
0.435715
0.434609
0.433600
0.432342
0.431145
0.430019
0.428831
0.427893
0.426821
0.425731
0.424640
0.423314
0.422163
0.420970
0.419841
0.418894
0.417749
0.416682
0.415479
0.414151
0.413007
0.411758
0.410699
0.409688
0.408520
0.407453
0.406146
0.404854
0.403668
0.402396
0.401384
0.400290
0.399145
0.398039
0.396666
0.395414
0.394148
0.392891
0.391880
0.390718
0.389620
0.388449
0.387059
0.385819
0.384466
0.383240
0.382183
0.380989
0.379934
0.378693
0.377331
0.376065
0.374640
0.373437
0.372298
0.371108
0.370073
0.368786
0.367480
0.366159
0.364692
0.363480
0.362240
0.361074
0.360027
0.358733
0.357495
0.356115
0.354639
0.353377
0.352032
0.350880
0.349790
0.348526
0.347355
0.345941
0.344491
0.343150
0.341707
0.340533
0.339364
0.338149
0.337033
0.335631
0.334244
0.332825
0.331305
0.330060
0.328773
0.327588
0.326495
0.325152
0.323867
0.322411
0.320863
0.319514
0.318079
0.316863
0.315728
0.314455
0.313290
0.311870
0.310376
0.308944
0.307368
0.306052
0.304782
0.303522
0.302436
0.301105
0.299759
0.298334
0.296702
0.295271
0.293796
0.292443
0.291308
0.290025
0.288852
0.287537
0.286006
0.284562
0.282927
0.281419
0.280082
0.278700
0.277576
0.276355
0.275033
0.273739
0.272137
0.270588
0.269037
0.267436
0.266141
0.264816
0.263592
0.262463
0.261071
0.259716
0.258180
0.256491
0.254975
0.253363
0.251957
0.250729
0.249419
0.248294
0.246990
0.245532
0.244087
0.242363
0.240743
0.239185
0.237614
0.236365
0.235081
0.233855
0.232700
0.231253
0.229818
0.228218
0.226453
0.224878
0.223225
0.221765
0.220520
0.219199
0.218075
0.216815
0.215374
0.213950
0.212220
0.210513
0.208861
0.207140
0.205738
0.204377
0.203096
0.202006
0.200689
0.199378
0.197932
0.196199
0.194552
0.192751
0.191004
0.189510
0.187983
0.186737
0.185575
0.184306
0.183159
0.181737
0.180175
0.178578
0.176697
0.174941
0.173214
0.171504
0.170140
0.168777
0.167563
0.166491
0.165194
0.163939
0.162480
0.160755
0.159073
0.157158
0.155298
0.153619
0.151906
0.150530
0.149264
0.148021
0.146997
0.145766
0.144472
0.143100
0.141367
0.139640
0.137755
0.135753
0.133986
0.132180
0.130600
0.129295
0.127974
0.126926
0.125860
0.124654
0.123506
0.122022
0.120391
0.118674
0.116639
0.114698
0.112726
0.110747
0.109107
0.107504
0.106138
0.105052
0.103902
0.102954
0.101943
0.100713
0.099499
0.097931
0.096174
0.094347
0.092197
0.090120
0.088044
0.085929
0.084158
0.082453
0.080970
0.079838
0.078699
0.077812
0.076992
0.076005
0.075105
0.073926
0.072508
0.071007
0.069086
0.067056
0.064904
0.062488
0.060223
0.057915
0.055667
0.053768
0.051920
0.050396
0.049207
0.048083
0.047335
0.046691
0.046047
0.045610
0.044967
0.044241
0.043448
0.042237
0.040905
0.039274
0.037221
0.035075
0.032545
0.029786
0.027007
0.023932
0.020920
0.017964
0.014931
0.012223
0.009630
0.007225
0.005288
0.003508
0.002146
0.001247
0.000551
0.000401
0.000601
0.001063
0.002072
0.003282
0.004818
0.006789
0.008847
0.011274
0.013956
0.016684
0.019776
0.022935
0.026174
0.029705
0.033169
0.036782
0.040563
0.044224
0.048095
0.051986
0.055793
0.059819
0.063740
0.067669
0.071762
0.075683
0.079717
0.083808
0.087738
0.091849
0.095897
0.099861
0.104010
0.108003
0.112025
0.116168
0.120122
0.124208
0.128308
0.132257
0.136391
0.140428
0.144407
0.148558
0.152536
0.156569
0.160699
0.164643
0.168733
0.172812
0.176755
0.180886
0.184902
0.188878
0.193017
0.196977
0.201007
0.205120
0.209048
0.213132
0.217192
0.221124
0.225243
0.229239
0.233205
0.237329
0.241271
0.245289
0.249384
0.253297
0.257366
0.261408
0.265323
0.269426
0.273405
0.277352
0.281459
0.285384
0.289381
0.293460
0.297353
0.301400
0.305427
0.309320
0.313401
0.317365
0.321286
0.325373
0.329282
0.333249
0.337312
0.341185
0.345201
0.349215
0.353082
0.357133
0.361086
0.364974
0.369037
0.372931
0.376860
0.380906
0.384759
0.388735
0.392737
0.396575
0.400590
0.404534
0.408383
0.412416
0.416300
0.420183
0.424208
0.428043
0.431969
0.435960
0.439769
0.443737
0.447675
0.451482
0.455476
0.459354
0.463184
0.467182
0.471005
0.474872
0.478848
0.482632
0.486541
0.490474
0.494241
0.498184
0.502060
0.505834
0.509794
0.513611
0.517412
0.521365
0.525132
0.528971
0.532895
0.536629
0.540505
0.544382
0.548104
0.552009
0.555828
0.559561
0.563476
0.567238
0.570998
0.574902
0.578615
0.582411
0.586283
0.589966
0.593796
0.597619
0.601292
0.605147
0.608913
0.612595
0.616459
0.620168
0.623874
0.627726
0.631388
0.635127
0.638947
0.642577
0.646348
0.650122
0.653737
0.657532
0.661251
0.664871
0.668675
0.672338
0.675976
0.679772
0.683385
0.687052
0.690822
0.694397
0.698094
0.701823
0.705376
0.709098
0.712775
0.716324
0.720059
0.723681
0.727240
0.730975
0.734543
0.738124
0.741841
0.745364
0.748972
0.752656
0.756148
0.759781
0.763420
0.766895
0.770547
0.774133
0.777607
0.781267
0.784798
0.788283
0.791936
0.795417
0.798921
0.802554
0.805992
0.809519
0.813118
0.816526
0.820075
0.823629
0.827019
0.830583
0.834087
0.837472
0.841043
0.844493
0.847884
0.851450
0.854849
0.858256
0.861803
0.865158
0.868583
0.872100
0.875420
0.878865
0.882340
0.885637
0.889097
0.892525
0.895810
0.899278
0.902655
0.905938
0.909405
0.912731
0.916021
0.919476
0.922754
0.926057
0.929489
0.932727
0.936045
0.939444
0.942648
0.945981
0.949340
0.952521
0.955865
0.959177
0.962344
0.965693
0.968956
0.972118
0.975464
0.978678
0.981841
0.985176
0.988343
0.991514
0.994828
0.997952
1.001134
1.004419
1.007507
1.010699
1.013948
1.017007
1.020208
1.023416
1.026453
1.029660
1.032821
1.035845
1.039051
1.042165
1.045182
1.048382
1.051449
1.054463
1.057651
1.060671
1.063689
1.066856
1.069834
1.072857
1.075996
1.078938
1.081966
1.085072
1.087982
1.091015
1.094083
1.096966
1.100003
1.103029
1.105892
1.108928
1.111910
1.114757
1.117789
1.120726
1.123563
1.126584
1.129476
1.132307
1.135314
1.138162
1.140990
1.143977
1.146784
1.149611
1.152573
1.155341
1.158167
1.161100
1.163833
1.166660
1.169559
1.172261
1.175087
1.177949
1.180624
1.183447
1.186271
1.188922
1.191740
1.194523
1.197154
1.199965
1.202706
1.205321
1.208121
1.210820
1.213421
1.216207
1.218864
1.221454
1.224223
1.226838
1.229419
1.232167
1.234743
1.237316
1.240040
1.242579
1.245144
1.247841
1.250344
1.252902
1.255570
1.258039
1.260589
1.263226
1.265663
1.268205
1.270810
1.273216
1.275750
1.278319
1.280699
1.283222
1.285755
1.288109
1.290621
1.293118
1.295447
1.297946
1.300406
1.302713
1.305197
1.307620
1.309906
1.312374
1.314759
1.317025
1.319476
1.321823
1.324070
1.326502
1.328812
1.331041
1.333452
1.335726
1.337937
1.340325
1.342564
1.344757
1.347122
1.349325
1.351501
1.353842
1.356011
1.358169
1.360485
1.362619
1.364760
1.367049
1.369151
1.371274
1.373536
1.375605
1.377710
1.379944
1.381981
1.384067
1.386273
1.388279
1.390346
1.392523
1.394499
1.396547
1.398694
1.400640
1.402667
1.404786
1.406701
1.408708
1.410797
1.412683
1.414669
1.416728
1.418586
1.420549
1.422579
1.424408
1.426348
1.428348
1.430149
1.432066
1.434037
1.435809
1.437702
1.439644
1.441388
1.443257
1.445170
1.446885
1.448729
1.450613
1.452301
1.454119
1.455974
1.457634
1.459425
1.461252
1.462884
1.464649
1.466448
1.468052
1.469789
1.471560
1.473137
1.474846
1.476590
1.478138
1.479818
1.481535
1.483055
1.484706
1.486396
1.487888
1.489510
1.491172
1.492637
1.494228
1.495865
1.497302
1.498862
1.500472
1.501882
1.503410
1.504994
1.506376
1.507872
1.509430
1.510786
1.512249
1.513781
1.515110
1.516539
1.518046
1.519348
1.520743
1.522224
1.523500
1.524861
1.526315
1.527566
1.528891
1.530320
1.531546
1.532835
1.534238
1.535439
1.536692
1.538068
1.539246
1.540461
1.541810
1.542965
1.544143
1.545465
1.546597
1.547738
1.549031
1.550141
1.551244
1.552508
1.553598
1.554663
1.555897
1.556967
1.557994
1.559197
1.560248
1.561237
1.562407
1.563440
1.564392
1.565528
1.566544
1.567459
1.568560
1.569558
1.570438
1.571501
1.572483
1.573328
1.574353
1.575319
1.576130
1.577115
1.578064
1.578844
1.579787
1.580719
1.581468
1.582368
1.583283
1.584005
1.584860
1.585757
1.586453
1.587262
1.588139
1.588811
1.589574
1.590429
1.591081
1.591796
1.592628
1.593261
1.593928
1.594735
1.595351
1.595971
1.596749
1.597351
1.597925
1.598671
1.599260
1.599790
1.600500
1.601079
1.601565
1.602237
1.602806
1.603252
1.603882
1.604441
1.604850
1.605434
1.605984
1.606360
1.606895
1.607433
1.607780
1.608264
1.608789
1.609111
1.609543
1.610051
1.610353
1.610731
1.611219
1.611505
1.611828
1.612292
1.612566
1.612837
1.613271
1.613537
1.613756
1.614155
1.614415
1.614587
1.614945
1.615201
1.615330
1.615642
1.615893
1.615985
1.616245
1.616491
1.616551
1.616756
1.616993
1.617029
1.617176
1.617400
1.617418
1.617506
1.617711
1.617717
1.617746
1.617926
1.617926
1.617898
1.618044
1.618042
1.617962
1.618068
1.618066
1.617939
1.617996
1.617994
1.617830
1.617831
1.617827
1.617633
1.617574
1.617564
1.617349
1.617226
1.617203
1.616976
1.616790
1.616745
1.616513
1.616266
1.616189
1.615958
1.615655
1.615537
1.615310
1.614959
1.614790
1.614567
1.614177
1.613949
1.613728
1.613310
1.613017
1.612790
1.612356
1.611995
1.611754
1.611314
1.610887
1.610619
1.610182
1.609693
1.609386
1.608957
1.608415
1.608058
1.607637
1.607053
1.606635
1.606219
1.605608
1.605121
1.604703
1.604077
1.603519
1.603087
1.602459
1.601832
1.601372
1.600751
1.600062
1.599558
1.598950
1.598210
1.597649
1.597052
1.596276
1.595648
1.595056
1.594259
1.593558
1.592960
1.592158
1.591383
1.590763
1.589968
1.589126
1.588467
1.587687
1.586789
1.586074
1.585310
1.584372
1.583589
1.582834
1.581875
1.581016
1.580257
1.579295
1.578359
1.577579
1.576627
1.575622
1.574801
1.573868
1.572807
1.571927
1.571012
1.569915
1.568962
1.568056
1.566944
1.565912
1.564999
1.563890
1.562780
1.561840
1.560748
1.559572
1.558583
1.557514
1.556289
1.555231
1.554180
1.552930
1.551793
1.550745
1.549492
1.548272
1.547207
1.545970
1.544677
1.543569
1.542357
1.541008
1.539836
1.538647
1.537266
1.536014
1.534835
1.533448
1.532111
1.530920
1.529549
1.528134
1.526904
1.525560
1.524086
1.522792
1.521475
1.519968
1.518592
1.517287
1.515776
1.514312
1.512996
1.511504
1.509961
1.508604
1.507142
1.505541
1.504117
1.502683
1.501054
1.499544
1.498121
1.496494
1.494895
1.493456
1.491853
1.490177
1.488690
1.487121
1.485394
1.483832
1.482291
1.480545
1.478892
1.477355
1.475623
1.473881
1.472317
1.470617
1.468806
1.467180
1.465517
1.463670
1.461958
1.460315
1.458466
1.456660
1.455008
1.453186
1.451298
1.449599
1.447817
1.445877
1.444099
1.442349
1.440393
1.438521
1.436776
1.434840
1.432877
1.431098
1.429203
1.427176
1.425326
1.423470
1.421417
1.419473
1.417633
1.415592
1.413554
1.411690
1.409689
1.407577
1.405650
1.403693
1.401547
1.399527
1.397593
1.395456
1.393337
1.391387
1.389289
1.387092
1.385083
1.383032
1.380796
1.378694
1.376671
1.374443
1.372240
1.370204
1.368016
1.365733
1.363637
1.361500
1.359177
1.356988
1.354880
1.352567
1.350275
1.348153
1.345884
1.343512
1.341327
1.339110
1.336704
1.334422
1.332232
1.329841
1.327456
1.325247
1.322906
1.320445
1.318166
1.315877
1.313391
1.311010
1.308743
1.306281
1.303799
1.301502
1.299096
1.296547
1.294169
1.291814
1.289253
1.286768
1.284423
1.281901
1.279320
1.276930
1.274468
1.271836
1.269352
1.266933
1.264308
1.261714
1.259289
1.256716
1.254038
1.251547
1.249035
1.246328
1.243731
1.241247
1.238570
1.235867
1.233352
1.230738
1.227972
1.225369
1.222809
1.220042
1.217326
1.214770
1.212054
1.209248
1.206630
1.203981
1.201141
1.198417
1.195802
1.192993
1.190160
1.187515
1.184773
1.181877
1.179141
1.176455
1.173563
1.170711
1.168026
1.165194
1.162255
1.159500
1.156737
1.153775
1.150907
1.148171
1.145253
1.142280
1.139499
1.136656
1.133634
1.130750
1.127954
1.124958
1.121958
1.119143
1.116219
1.113148
1.110243
1.107383
1.104318
1.101293
1.098436
1.095437
1.092323
1.089392
1.086467
1.083339
1.080289
1.077386
1.074315
1.071163
1.068203
1.065212
1.062028
1.058952
1.056000
1.052863
1.049675
1.046680
1.043626
1.040391
1.037287
1.034284
1.031086
1.027864
1.024832
1.021718
1.018436
1.015300
1.012247
1.008993
1.005735
1.002664
0.999494
0.996168
0.992997
0.989896
0.986591
0.983295
0.980184
0.976963
0.973593
0.970386
0.967238
0.963885
0.960552
0.957399
0.954131
0.950719
0.947472
0.944281
0.940884
0.937509
0.934316
0.931005
0.927551
0.924263
0.921031
0.917594
0.914177
0.910942
0.907594
0.904098
0.900766
0.897497
0.894023
0.890561
0.887285
0.883903
0.880368
0.876989
0.873684
0.870178
0.866669
0.863350
0.859941
0.856366
0.852938
0.849601
0.846067
0.842510
0.839147
0.835713
0.832102
0.828622
0.825253
0.821695
0.818091
0.814681
0.811227
0.807584
0.804048
0.800647
0.797073
0.793420
0.789960
0.786490
0.782819
0.779226
0.775791
0.772205
0.768508
0.764993
0.761507
0.757816
0.754164
0.750690
0.747098
0.743362
0.739787
0.736285
0.732582
0.728871
0.725353
0.721760
0.717991
0.714352
0.710829
0.707123
0.703358
0.699787
0.696194
0.692404
0.688698
0.685148
0.681447
0.677634
0.674002
0.670407
0.666609
0.662835
0.659247
0.655558
0.651710
0.648008
0.644405
0.640611
0.636775
0.633135
0.629461
0.625592
0.621816
0.618192
0.614416
0.610529
0.606824
0.603159
0.599290
0.595439
0.591778
0.588027
0.584107
0.580325
0.576657
0.572806
0.568892
0.565172
0.561445
0.557517
0.553653
0.549961
0.546143
0.542184
0.538388
0.534674
0.530763
0.526824
0.523083
0.519300
0.515326
0.511444
0.507718
0.503844
0.499852
0.496037
0.492279
0.488320
0.484356
0.480588
0.476760
0.472747
0.468841
0.465082
0.461166
0.457142
0.453300
0.449507
0.445511
0.441518
0.437720
0.433858
0.429813
0.425876
0.422087
0.418141
0.414086
0.410211
0.406391
0.402369
0.398342
0.394512
0.390628
0.386556
0.382582
0.378765
0.374803
0.370717
0.366803
0.362963
0.358926
0.354861
0.350995
0.347101
0.343010
0.338993
0.335148
0.331182
0.327069
0.323109
0.319254
0.315215
0.311112
0.307204
0.303308
0.299210
0.295144
0.291268
0.287311
0.283179
0.279165
0.275295
0.271269
0.267131
0.263172
0.259279
0.255189
0.251073
0.247157
0.243219
0.239082
0.235008
0.231115
0.227117
0.222957
0.218935
0.215041
0.210979
0.206822
0.202849
0.198931
0.194813
0.190680
0.186747
0.182786
0.178627
0.174535
0.170623
0.166607
0.162429
0.158384
0.154474
0.150401
0.146224
0.142227
0.138298
0.134174
0.130016
0.126058
0.122095
0.117931
0.113808
0.109876
0.105868
0.101680
0.097600
0.093679
0.089620
0.085426
0.081390
0.077463
0.073356
0.069171
0.065178
0.061229
0.057082
0.052921
0.048960
0.044980
0.040802
0.036674
0.032736
0.028717
0.024520
0.020432
0.016504
0.012444
0.008242
0.004194
0.000264
-0.003836
-0.008031
-0.012040
-0.015983
-0.020119
-0.024295
-0.028271
-0.032235
-0.036400
-0.040550
-0.044500
-0.048491
-0.052676
-0.056794
-0.060726
-0.064748
-0.068944
-0.073027
-0.076950
-0.081003
-0.085201
-0.089249
-0.093170
-0.097254
-0.101445
-0.105459
-0.109385
-0.113496
-0.117674
-0.121658
-0.125594
-0.129728
-0.133886
-0.137844
-0.141795
-0.145946
-0.150082
-0.154016
-0.157985
-0.162148
-0.166258
-0.170175
-0.174162
-0.178333
-0.182415
-0.186319
-0.190324
-0.194497
-0.198551
-0.202445
-0.206469
-0.210639
-0.214666
-0.218554
-0.222593
-0.226757
-0.230758
-0.234643
-0.238697
-0.242851
-0.246827
-0.250710
-0.254776
-0.258918
-0.262870
-0.266754
-0.270829
-0.274957
-0.278888
-0.282773
-0.286854
-0.290967
-0.294878
-0.298764
-0.302849
-0.306946
-0.310840
-0.314727
-0.318813
-0.322894
-0.326771
-0.330658
-0.334744
-0.338808
-0.342669
-0.346556
-0.350640
-0.354688
-0.358535
-0.362420
-0.366499
-0.370531
-0.374365
-0.378247
-0.382321
-0.386338
-0.390159
-0.394035
-0.398102
-0.402105
-0.405914
-0.409784
-0.413843
-0.417833
-0.421629
-0.425491
-0.429540
-0.433518
-0.437303
-0.441155
-0.445194
-0.449160
-0.452934
-0.456774
-0.460801
-0.464757
-0.468519
-0.472346
-0.476361
-0.480307
-0.484059
-0.487871
-0.491871
-0.495809
-0.499551
-0.503346
-0.507331
-0.511261
-0.514993
-0.518769
-0.522739
-0.526662
-0.530385
-0.534141
-0.538092
-0.542010
-0.545725
-0.549459
-0.553390
-0.557302
-0.561010
-0.564721
-0.568631
-0.572538
-0.576240
-0.579928
-0.583813
-0.587715
-0.591413
-0.595077
-0.598935
-0.602831
-0.606527
-0.610167
-0.613996
-0.617885
-0.621581
-0.625197
-0.628994
-0.632875
-0.636573
-0.640167
-0.643929
-0.647798
-0.651500
-0.655074
-0.658798
-0.662654
-0.666361
-0.669918
-0.673602
-0.677440
-0.681154
-0.684696
-0.688339
-0.692155
-0.695876
-0.699409
-0.703009
-0.706797
-0.710526
-0.714053
-0.717611
-0.721365
-0.725099
-0.728627
-0.732145
-0.735860
-0.739596
-0.743129
-0.746610
-0.750279
-0.754012
-0.757556
-0.761004
-0.764623
-0.768347
-0.771905
-0.775328
-0.778892
-0.782599
-0.786173
-0.789578
-0.793086
-0.796766
-0.800357
-0.803754
-0.807206
-0.810849
-0.814454
-0.817852
-0.821251
-0.824847
-0.828460
-0.831869
-0.835223
-0.838762
-0.842374
-0.845802
-0.849119
-0.852594
-0.856194
-0.859645
-0.862938
-0.866345
-0.869919
-0.873394
-0.876677
-0.880018
-0.883549
-0.887045
-0.890333
-0.893613
-0.897088
-0.900594
-0.903901
-0.907130
-0.910536
-0.914040
-0.917373
-0.920569
-0.923899
-0.927380
-0.930745
-0.933926
-0.937179
-0.940618
-0.944010
-0.947196
-0.950379
-0.953756
-0.957164
-0.960372
-0.963499
-0.966800
-0.970204
-0.973446
-0.976539
-0.979754
-0.983131
-0.986410
-0.989494
-0.992625
-0.995949
-0.999256
-1.002355
-1.005415
-1.008663
-1.011980
-1.015113
-1.018125
-1.021282
-1.024582
-1.027757
-1.030750
-1.033814
-1.037066
-1.040278
-1.043282
-1.046265
-1.049440
-1.052669
-1.055708
-1.058635
-1.061714
-1.064929
-1.068015
-1.070920
-1.073898
-1.077064
-1.080191
-1.083110
-1.086002
-1.089084
-1.092229
-1.095189
-1.098025
-1.101003
-1.104128
-1.107141
-1.109962
-1.112834
-1.115898
-1.118952
-1.121798
-1.124586
-1.127553
-1.130616
-1.133513
-1.136257
-1.139110
-1.142136
-1.145089
-1.147836
-1.150585
-1.153528
-1.156512
-1.159303
-1.161982
-1.164811
-1.167782
-1.170633
-1.173294
-1.176005
-1.178909
-1.181808
-1.184501
-1.187123
-1.189916
-1.192821
-1.195576
-1.198160
-1.200828
-1.203680
-1.206495
-1.209100
-1.211663
-1.214410
-1.217244
-1.219911
-1.222422
-1.225038
-1.227830
-1.230563
-1.233087
-1.235588
-1.238277
-1.241039
-1.243625
-1.246065
-1.248619
-1.251344
-1.254002
-1.256451
-1.258883
-1.261505
-1.264196
-1.266710
-1.269078
-1.271559
-1.274212
-1.276801
-1.279181
-1.281537
-1.284081
-1.286702
-1.289152
-1.291448
-1.293845
-1.296421
-1.298948
-1.301265
-1.303539
-1.305993
-1.308545
-1.310940
-1.313165
-1.315469
-1.317959
-1.320429
-1.322691
-1.324879
-1.327234
-1.329713
-1.332061
-1.334220
-1.336421
-1.338816
-1.341230
-1.343447
-1.345550
-1.347792
-1.350191
-1.352499
-1.354602
-1.356697
-1.358980
-1.361336
-1.363519
-1.365545
-1.367665
-1.369967
-1.372238
-1.374301
-1.376292
-1.378448
-1.380732
-1.382892
-1.384857
-1.386849
-1.389033
-1.391260
-1.393300
-1.395201
-1.397216
-1.399405
-1.401543
-1.403471
-1.405343
-1.407386
-1.409549
-1.411579
-1.413417
-1.415287
-1.417349
-1.419454
-1.421371
-1.423147
-1.425031
-1.427093
-1.429114
-1.430926
-1.432667
-1.434569
-1.436606
-1.438529
-1.440251
-1.441977
-1.443893
-1.445881
-1.447700
-1.449352
-1.451079
-1.452994
-1.454913
-1.456630
-1.458233
-1.459967
-1.461866
-1.463700
-1.465325
-1.466895
-1.468635
-1.470500
-1.472244
-1.473788
-1.475339
-1.477079
-1.478894
-1.480544
-1.482021
-1.483561
-1.485292
-1.487045
-1.488603
-1.490026
-1.491559
-1.493271
-1.494951
-1.496424
-1.497804
-1.499329
-1.501010
-1.502614
-1.504008
-1.505352
-1.506867
-1.508508
-1.510033
-1.511355
-1.512670
-1.514170
-1.515763
-1.517209
-1.518467
-1.519755
-1.521233
-1.522774
-1.524143
-1.525342
-1.526604
-1.528056
-1.529540
-1.530835
-1.531981
-1.533216
-1.534636
-1.536060
-1.537286
-1.538382
-1.539587
-1.540971
-1.542336
-1.543495
-1.544543
-1.545716
-1.547061
-1.548366
-1.549463
-1.550463
-1.551601
-1.552903
-1.554151
-1.555189
-1.556142
-1.557240
-1.558497
-1.559689
-1.560671
-1.561577
-1.562633
-1.563842
-1.564982
-1.565910
-1.566767
-1.567777
-1.568938
-1.570027
-1.570905
-1.571712
-1.572671
-1.573784
-1.574825
-1.575656
-1.576411
-1.577317
-1.578378
-1.579374
-1.580160
-1.580864
-1.581711
-1.582720
-1.583674
-1.584419
-1.585069
-1.585855
-1.586809
-1.587723
-1.588430
-1.589028
-1.589748
-1.590644
-1.591519
-1.592192
-1.592739
-1.593390
-1.594225
-1.595062
-1.595706
-1.596203
-1.596782
-1.597551
-1.598350
-1.598968
-1.599419
-1.599925
-1.600622
-1.601380
-1.601977
-1.602389
-1.602820
-1.603438
-1.604152
-1.604731
-1.605109
-1.605469
-1.606002
-1.606664
-1.607227
-1.607580
-1.607871
-1.608315
-1.608915
-1.609462
-1.609799
-1.610030
-1.610379
-1.610907
-1.611433
-1.611763
-1.611944
-1.612198
-1.612642
-1.613137
-1.613467
-1.613612
-1.613775
-1.614122
-1.614575
-1.614906
-1.615032
-1.615113
-1.615354
-1.615745
-1.616076
-1.616198
-1.616212
-1.616342
-1.616652
-1.616972
-1.617103
-1.617072
-1.617093
-1.617303
-1.617592
-1.617740
-1.617688
-1.617612
-1.617704
-1.617938
-1.618099
-1.618051
-1.617901
-1.617868
-1.618016
-1.618175
-1.618150
-1.617956
-1.617803
-1.617837
-1.617967
-1.617971
-1.617769
-1.617517
-1.617418
-1.617480
-1.617503
-1.617324
-1.617008
-1.616773
-1.616727
-1.616741
-1.616602
-1.616267
-1.615914
-1.615730
-1.615690
-1.615586
-1.615274
-1.614843
-1.614511
-1.614367
-1.614266
-1.614003
-1.613549
-1.613088
-1.612799
-1.612649
-1.612431
-1.612006
-1.611462
-1.611015
-1.610755
-1.610546
-1.610180
-1.609619
-1.609038
-1.608622
-1.608357
-1.608042
-1.607523
-1.606868
-1.606287
-1.605895
-1.605581
-1.605133
-1.604480
-1.603772
-1.603209
-1.602816
-1.602415
-1.601826
-1.601069
-1.600340
-1.599794
-1.599368
-1.598856
-1.598135
-1.597304
-1.596573
-1.596030
-1.595543
-1.594907
-1.594072
-1.593194
-1.592467
-1.591907
-1.591336
-1.590577
-1.589648
-1.588741
-1.588014
-1.587417
-1.586749
-1.585874
-1.584871
-1.583945
-1.583207
-1.582556
-1.581786
-1.580807
-1.579745
-1.578802
-1.578043
-1.577325
-1.576453
-1.575382
-1.574271
-1.573308
-1.572516
-1.571726
-1.570756
-1.569604
-1.568449
-1.567462
-1.566627
-1.565760
-1.564700
-1.563475
-1.562278
-1.561259
-1.560376
-1.559433
-1.558289
-1.556998
-1.555757
-1.554699
-1.553762
-1.552748
-1.551529
-1.550175
-1.548885
-1.547782
-1.546790
-1.545709
-1.544421
-1.543006
-1.541663
-1.540508
-1.539458
-1.538316
-1.536967
-1.535493
-1.534092
-1.532878
-1.531771
-1.530574
-1.529170
-1.527638
-1.526173
-1.524894
-1.523729
-1.522483
-1.521032
-1.519444
-1.517909
-1.516558
-1.515333
-1.514044
-1.512554
-1.510912
-1.509303
-1.507872
-1.506584
-1.505256
-1.503736
-1.502046
-1.500361
-1.498842
-1.497484
-1.496118
-1.494577
-1.492847
-1.491087
-1.489472
-1.488035
-1.486630
-1.485075
-1.483318
-1.481488
-1.479771
-1.478241
-1.476790
-1.475226
-1.473456
-1.471566
-1.469745
-1.468110
-1.466598
-1.465027
-1.463258
-1.461327
-1.459406
-1.457651
-1.456059
-1.454471
-1.452717
-1.450767
-1.448761
-1.446878
-1.445181
-1.443558
-1.441822
-1.439881
-1.437814
-1.435805
-1.433978
-1.432290
-1.430565
-1.428655
-1.426564
-1.424447
-1.422473
-1.420680
-1.418940
-1.417070
-1.414996
-1.412807
-1.410688
-1.408754
-1.406952
-1.405113
-1.403087
-1.400880
-1.398642
-1.396542
-1.394625
-1.392774
-1.390809
-1.388638
-1.386336
-1.384078
-1.381997
-1.380070
-1.378138
-1.376041
-1.373748
-1.371381
-1.369117
-1.367042
-1.365078
-1.363050
-1.360829
-1.358436
-1.356023
-1.353755
-1.351668
-1.349648
-1.347520
-1.345188
-1.342714
-1.340265
-1.337983
-1.335870
-1.333785
-1.331561
-1.329133
-1.326590
-1.324106
-1.321800
-1.319647
-1.317495
-1.315186
-1.312676
-1.310072
-1.307546
-1.305204
-1.303003
-1.300787
-1.298404
-1.295824
-1.293161
-1.290585
-1.288195
-1.285941
-1.283667
-1.281224
-1.278585
-1.275863
-1.273228
-1.270777
-1.268467
-1.266142
-1.263653
-1.260966
-1.258186
-1.255481
-1.252957
-1.250584
-1.248214
-1.245694
-1.242971
-1.240136
-1.237352
-1.234741
-1.232296
-1.229885
-1.227346
-1.224604
-1.221722
-1.218855
-1.216143
-1.213612
-1.211154
-1.208607
-1.205864
-1.202950
-1.200004
-1.197179
-1.194542
-1.192024
-1.189470
-1.186745
-1.183824
-1.180812
-1.177869
-1.175104
-1.172500
-1.169929
-1.167233
-1.164336
-1.161288
-1.158237
-1.155326
-1.152601
-1.149982
-1.147313
-1.144468
-1.141429
-1.138302
-1.135244
-1.132361
-1.129645
-1.126973
-1.124191
-1.121210
-1.118064
-1.114887
-1.111828
-1.108956
-1.106219
-1.103476
-1.100586
-1.097493
-1.094267
-1.091051
-1.087982
-1.085099
-1.082324
-1.079509
-1.076526
-1.073345
-1.070053
-1.066797
-1.063701
-1.060788
-1.057966
-1.055087
-1.052032
-1.048784
-1.045433
-1.042127
-1.038985
-1.036024
-1.033152
-1.030224
-1.027122
-1.023824
-1.020419
-1.017052
-1.013841
-1.010815
-1.007892
-1.004930
-1.001804
-0.998479
-0.995026
-0.991586
-0.988286
-0.985173
-0.982190
-0.979202
-0.976076
-0.972750
-0.969267
-0.965752
-0.962343
-0.959119
-0.956054
-0.953038
-0.949930
-0.946634
-0.943152
-0.939578
-0.936052
-0.932687
-0.929506
-0.926437
-0.923346
-0.920108
-0.916671
-0.913079
-0.909453
-0.905928
-0.902585
-0.899411
-0.896305
-0.893132
-0.889786
-0.886243
-0.882574
-0.878908
-0.875370
-0.872020
-0.868824
-0.865672
-0.862432
-0.859009
-0.855394
-0.851665
-0.847952
-0.844374
-0.840983
-0.837745
-0.834551
-0.831269
-0.827806
-0.824150
-0.820373
-0.816599
-0.812949
-0.809485
-0.806184
-0.802950
-0.799654
-0.796191
-0.792530
-0.788722
-0.784880
-0.781129
-0.777553
-0.774159
-0.770873
-0.767577
-0.764151
-0.760531
-0.756731
-0.752836
-0.748971
-0.745244
-0.741705
-0.738327
-0.735014
-0.731644
-0.728115
-0.724387
-0.720498
-0.716546
-0.712653
-0.708915
-0.705367
-0.701968
-0.698618
-0.695198
-0.691613
-0.687830
-0.683887
-0.679881
-0.675933
-0.672136
-0.668529
-0.665079
-0.661695
-0.658261
-0.654676
-0.650894
-0.646936
-0.642884
-0.638852
-0.634944
-0.631221
-0.627677
-0.624245
-0.620818
-0.617285
-0.613572
-0.609663
-0.605604
-0.601493
-0.597439
-0.593535
-0.589821
-0.586276
-0.582825
-0.579358
-0.575775
-0.572006
-0.568042
-0.563931
-0.559765
-0.555653
-0.551684
-0.547905
-0.544303
-0.540813
-0.537336
-0.533768
-0.530030
-0.526094
-0.521984
-0.517775
-0.513568
-0.509463
-0.505528
-0.501787
-0.498206
-0.494709
-0.491198
-0.487575
-0.483774
-0.479773
-0.475602
-0.471336
-0.467071
-0.462903
-0.458901
-0.455094
-0.451459
-0.447933
-0.444423
-0.440835
-0.437089
-0.433146
-0.429012
-0.424734
-0.420396
-0.416092
-0.411908
-0.407901
-0.404091
-0.400451
-0.396917
-0.393403
-0.389817
-0.386082
-0.382155
-0.378027
-0.373735
-0.369347
-0.364948
-0.360626
-0.356454
-0.352473
-0.348688
-0.345065
-0.341541
-0.338033
-0.334455
-0.330734
-0.326822
-0.322706
-0.318407
-0.313980
-0.309497
-0.305042
-0.300694
-0.296513
-0.292529
-0.288744
-0.285126
-0.281616
-0.278140
-0.274618
-0.270977
-0.267162
-0.263142
-0.258916
-0.254514
-0.249986
-0.245402
-0.240838
-0.236367
-0.232048
-0.227923
-0.224007
-0.220289
-0.216735
-0.213289
-0.209886
-0.206452
-0.202920
-0.199232
-0.195349
-0.191251
-0.186940
-0.182442
-0.177800
-0.173071
-0.168319
-0.163612
-0.159011
-0.154569
-0.150324
-0.146297
-0.142492
-0.138893
-0.135469
-0.132177
-0.128962
-0.125765
-0.122525
-0.119186
-0.115698
-0.112018
-0.108119
-0.103984
-0.099611
-0.095009
-0.090201
-0.085219
-0.080102
-0.074898
-0.069656
-0.064427
-0.059260
-0.054204
-0.049303
-0.044593
-0.040109
-0.035875
-0.031910
-0.028228
-0.024835
-0.021733
-0.018916
-0.016378
-0.014107
-0.012088
-0.010305
-0.008741
-0.007378
-0.006197
-0.005180
-0.004309
-0.003567
-0.002940
-0.002412
-0.001969
-0.001601
-0.001296
-0.001044
-0.000838
-0.000669
-0.000532
-0.000422
-0.000333
-0.000262
-0.000205
-0.000160
-0.000124
-0.000096
-0.000074
-0.000057
-0.000043
-0.000033
-0.000025
-0.000019
-0.000014
-0.000011
-0.000008
-0.000006
-0.000004
-0.000003
-0.000002
-0.000002
-0.000001
-0.000001
-0.000001
-0.000001
-0.000000
-0.000000
-0.000000
-0.000000
-0.000000
-0.000000
-0.000000
-0.000000
-0.000000
-0.000000
-0.000000
-0.000000
-0.000000
-0.000000
-0.000000
-0.000000
-0.000000
-0.000000
-0.000000
-0.000000
-0.000000
-0.000000
-0.000000
-0.000000
-0.000000
-0.000000
-0.000000
-0.000000
-0.000000
-0.000000
-0.000000
-0.000000
-0.000000
-0.000000
-0.000000
-0.000000
-0.000000
-0.000000
-0.000000
-0.000000
-0.000000
-0.000000
-0.000000
-0.000000
-0.000000
-0.000000
-0.000000
-0.000000
-0.000000
-0.000000
-0.000000
-0.000000
-0.000000
-0.000000
-0.000000
-0.000000
-0.000000
-0.000000
-0.000000
-0.000000
-0.000000
-0.000000
-0.000000
-0.000000
-0.000000
-0.000000
-0.000000
-0.000000
-0.000000
-0.000000
-0.000000
-0.000000
-0.000000
-0.000000
-0.000000
-0.000000
-0.000000
-0.000000
-0.000000
-0.000000
-0.000000
-0.000000
-0.000000
-0.000000
-0.000000
-0.000000
-0.000000
-0.000000
-0.000000
-0.000000
-0.000000
-0.000000
-0.000000
-0.000000
-0.000000
-0.000000
-0.000000
-0.000000
-0.000000
-0.000000
-0.000000
-0.000000
-0.000000
-0.000000
-0.000000
-0.000000
-0.000000
-0.000000
-0.000000
-0.000000
-0.000000
-0.000000
-0.000000
-0.000000
-0.000000
-0.000000
-0.000000
-0.000000
-0.000000
-0.000000
-0.000000
-0.000000
-0.000000
-0.000000
-0.000000
-0.000000
-0.000000
-0.000000
-0.000000
-0.000000
-0.000000
-0.000000
-0.000000
-0.000000
-0.000000
-0.000000
-0.000000
-0.000000
-0.000000
-0.000000
-0.000000
-0.000000
-0.000000
-0.000000
-0.000000
-0.000000
-0.000000
-0.000000
-0.000000
-0.000000
-0.000000
-0.000000
-0.000000
-0.000000
-0.000000
-0.000000
-0.000000
-0.000000
-0.000000
-0.000000
-0.000000
-0.000000
-0.000000
-0.000000
-0.000000
-0.000000
-0.000000
-0.000000
-0.000000
-0.000000
-0.000000
-0.000000
-0.000000
-0.000000
-0.000000
-0.000000
-0.000000
-0.000000
-0.000000
-0.000000
-0.000000
-0.000000
-0.000000
-0.000000
-0.000000
-0.000000
-0.000000
-0.000000
-0.000000
-0.000000
-0.000000
-0.000000
-0.000000
-0.000000
-0.000000
-0.000000
-0.000000
-0.000000
-0.000000
-0.000000
-0.000000
-0.000000
-0.000000
-0.000000
-0.000000
-0.000000
-0.000000
-0.000000
-0.000000
-0.000000
-0.000000
-0.000000
-0.000000
-0.000000
-0.000000
-0.000000
-0.000000
-0.000000
-0.000000
-0.000000
-0.000000
-0.000000
-0.000000
-0.000000
-0.000000
-0.000000
-0.000000
-0.000000
-0.000000
-0.000000
-0.000000
-0.000000
-0.000000
-0.000000
-0.000000
-0.000000
-0.000000
-0.000000
-0.000000
-0.000000
-0.000000
-0.000000
-0.000000
-0.000000
-0.000000
-0.000000
-0.000000
-0.000000
-0.000000
-0.000000
-0.000000
-0.000000
-0.000000
-0.000000
-0.000000
-0.000000
-0.000000
-0.000000
-0.000000
-0.000000
-0.000000
-0.000000
-0.000000
-0.000000
-0.000000
-0.000000
-0.000000
-0.000000
-0.000000
-0.000000
-0.000000
-0.000000
-0.000000
-0.000000
-0.000000
-0.000000
-0.000000
-0.000000
-0.000000
-0.000000
-0.000000
-0.000000
-0.000000
-0.000000
-0.000000
-0.000000
-0.000000
-0.000000
-0.000000
-0.000000
-0.000000
-0.000000
-0.000000
-0.000000
-0.000000
-0.000000
-0.000000
-0.000000
-0.000000
-0.000000
-0.000000
-0.000000
-0.000000
-0.000000
-0.000000
-0.000000
-0.000000
-0.000000
-0.000000
-0.000000
-0.000000
-0.000000
-0.000000
-0.000000
-0.000000
-0.000000
-0.000000
-0.000000
-0.000000
-0.000000
-0.000000
-0.000000
-0.000000
-0.000000
-0.000000
-0.000000
-0.000000
-0.000000
-0.000000
-0.000000
-0.000000
-0.000000
-0.000000
-0.000000
-0.000000
-0.000000
-0.000000
-0.000000
-0.000000
-0.000000
-0.000000
-0.000000
-0.000000
-0.000000
-0.000000
-0.000000
-0.000000
-0.000000
-0.000000
-0.000000
-0.000000
-0.000000
-0.000000
-0.000000
-0.000000
-0.000000
-0.000000
-0.000000
-0.000000
-0.000000
-0.000000
-0.000000
-0.000000
-0.000000
-0.000000
-0.000000
-0.000000
-0.000000
-0.000000
-0.000000
-0.000000
-0.000000
-0.000000
-0.000000
-0.000000
-0.000000
-0.000000
-0.000000
-0.000000
-0.000000
-0.000000
-0.000000
-0.000000
-0.000000
-0.000000
-0.000000
-0.000000
-0.000000
-0.000000
-0.000000
-0.000000
-0.000000
-0.000000
-0.000000
-0.000000
-0.000000
-0.000000
-0.000000
-0.000000
-0.000000
-0.000000
-0.000000
-0.000000
-0.000000
-0.000000
-0.000000
-0.000000
-0.000000
-0.000000
-0.000000
-0.000000
-0.000000
-0.000000
-0.000000
-0.000000
-0.000000
-0.000000
-0.000000
-0.000000
-0.000000
-0.000000
-0.000000
-0.000000
-0.000000
-0.000000
-0.000000
-0.000000
-0.000000
-0.000000
-0.000000
-0.000000
-0.000000
-0.000000
-0.000000
-0.000000
-0.000000
-0.000000
-0.000000
-0.000000
-0.000000
-0.000000
-0.000000
-0.000000
-0.000000
-0.000000
-0.000000
-0.000000
-0.000000
-0.000000
-0.000000
-0.000000
-0.000000
-0.000000
-0.000000
-0.000000
-0.000000
-0.000000
-0.000000
-0.000000
-0.000000
-0.000000
-0.000000
-0.000000
-0.000000
-0.000000
-0.000000
-0.000000
-0.000000
-0.000000
-0.000000
-0.000000
-0.000000
-0.000000
-0.000000
-0.000000
-0.000000
-0.000000
-0.000000
-0.000000
-0.000000
-0.000000
-0.000000
-0.000000
-0.000000
-0.000000
-0.000000
-0.000000
-0.000000
-0.000000
-0.000000
-0.000000
-0.000000
-0.000000
-0.000000
-0.000000
-0.000000
-0.000000
-0.000000
-0.000000
-0.000000
-0.000000
-0.000000
-0.000000
-0.000000
-0.000000
-0.000000
-0.000000
-0.000000
-0.000000
-0.000000
-0.000000
-0.000000
-0.000000
-0.000000
-0.000000
-0.000000
-0.000000
-0.000000
-0.000000
-0.000000
-0.000000
-0.000000
-0.000000
-0.000000
-0.000000
-0.000000
-0.000000
-0.000000
-0.000000
-0.000000
-0.000000
-0.000000
-0.000000
-0.000000
-0.000000
-0.000000
-0.000000
-0.000000
-0.000000
-0.000000
-0.000000
-0.000000
-0.000000
-0.000000
-0.000000
-0.000000
-0.000000
-0.000000
-0.000000
-0.000000
-0.000000
-0.000000
-0.000000
-0.000000
-0.000000
-0.000000
-0.000000
-0.000000
-0.000000
-0.000000
-0.000000
-0.000000
-0.000000
-0.000000
-0.000000
-0.000000
-0.000000
-0.000000
-0.000000
-0.000000
-0.000000
-0.000000
-0.000000
-0.000000
-0.000000
-0.000000
-0.000000
-0.000000
-0.000000
-0.000000
-0.000000
-0.000000
-0.000000
-0.000000
-0.000000
-0.000000
-0.000000
-0.000000
-0.000000
-0.000000
-0.000000
-0.000000
-0.000000
-0.000000
-0.000000
-0.000000
-0.000000
-0.000000
-0.000000
-0.000000
-0.000000
-0.000000
-0.000000
-0.000000
-0.000000
-0.000000
-0.000000
-0.000000
-0.000000
-0.000000
-0.000000
-0.000000
-0.000000
-0.000000
-0.000000
-0.000000
-0.000000
-0.000000
-0.000000
-0.000000
-0.000000
-0.000000
-0.000000
-0.000000
-0.000000
-0.000000
-0.000000
-0.000000
-0.000000
-0.000000
-0.000000
-0.000000
-0.000000
-0.000000
-0.000000
-0.000000
-0.000000
-0.000000
-0.000000
-0.000000
-0.000000
-0.000000
-0.000000
-0.000000
-0.000000
-0.000000
-0.000000
-0.000000
-0.000000
-0.000000
-0.000000
-0.000000
-0.000000
-0.000000
-0.000000
-0.000000
-0.000000
-0.000000
-0.000000
-0.000000
-0.000000
-0.000000
-0.000000
-0.000000
-0.000000
-0.000000
-0.000000
-0.000000
-0.000000
-0.000000
-0.000000
-0.000000
-0.000000
-0.000000
-0.000000
-0.000000
-0.000000
-0.000000
-0.000000
-0.000000
-0.000000
-0.000000
-0.000000
-0.000000
-0.000000
-0.000000
-0.000000
-0.000000
-0.000000
-0.000000
-0.000000
-0.000000
-0.000000
-0.000000
-0.000000
-0.000000
-0.000000
-0.000000
-0.000000
-0.000000
-0.000000
-0.000000
-0.000000
-0.000000
-0.000000
-0.000000
-0.000000
-0.000000
-0.000000
-0.000000
-0.000000
-0.000000
-0.000000
-0.000000
-0.000000
-0.000000
-0.000000
-0.000000
-0.000000
-0.000000
-0.000000
-0.000000
-0.000000
-0.000000
-0.000000
-0.000000
-0.000000
-0.000000
-0.000000
-0.000000
-0.000000
-0.000000
-0.000000
-0.000000
-0.000000
-0.000000
-0.000000
-0.000000
-0.000000
-0.000000
-0.000000
-0.000000
-0.000000
-0.000000
-0.000000
-0.000000
-0.000000
-0.000000
-0.000000
-0.000000
-0.000000
-0.000000
-0.000000
-0.000000
-0.000000
-0.000000
-0.000000
-0.000000
-0.000000
-0.000000
-0.000000
-0.000000
-0.000000
-0.000000
-0.000000
-0.000000
-0.000000
-0.000000
-0.000000
-0.000000
-0.000000
-0.000000
-0.000000
-0.000000
-0.000000
-0.000000
-0.000000
-0.000000
-0.000000
-0.000000
-0.000000
-0.000000
-0.000000
-0.000000
-0.000000
-0.000000
-0.000000
-0.000000
-0.000000
-0.000000
-0.000000
-0.000000
-0.000000
-0.000000
-0.000000
-0.000000
-0.000000
-0.000000
-0.000000
-0.000000
-0.000000
-0.000000
-0.000000
-0.000000
-0.000000
-0.000000
-0.000000
-0.000000
-0.000000
-0.000000
-0.000000
-0.000000
-0.000000
-0.000000
-0.000000
-0.000000
-0.000000
-0.000000
-0.000000
-0.000000
-0.000000
-0.000000
-0.000000
-0.000000
-0.000000
-0.000000
-0.000000
-0.000000
-0.000000
-0.000000
-0.000000
-0.000000
-0.000000
-0.000000
-0.000000
-0.000000
-0.000000
-0.000000
-0.000000
-0.000000
-0.000000
-0.000000
-0.000000
-0.000000
-0.000000
-0.000000
-0.000000
-0.000000
-0.000000
-0.000000
-0.000000
-0.000000
-0.000000
-0.000000
-0.000000
-0.000000
-0.000000
-0.000000
-0.000000
-0.000000
-0.000000
-0.000000
-0.000000
-0.000000
-0.000000
-0.000000
-0.000000
-0.000000
0.000000
0.000000
0.000000
0.000000
0.000000
0.000000
0.000000
0.000000
0.000000
0.000000
0.000000
0.000000
0.000000
0.000000
0.000000
0.000000
0.000000
0.000000
0.000000
0.000000
0.000000
0.000000
0.000000
0.000000
0.000000
0.000000
0.000000
0.000000
0.000000
0.000000
0.000000
0.000000
0.000000
0.000000
0.000000
0.000000
0.000000
0.000000
0.000000
0.000000
0.000000
0.000000
0.000000
0.000000
0.000000
0.000000
0.000000
0.000000
0.000000
0.000000
0.000000
0.000000
0.000000
0.000000
0.000000
0.000000
0.000000
0.000000
0.000000
0.000000
0.000000
0.000000
0.000000
0.000000
0.000000
0.000000
0.000000
0.000000
0.000000
0.000000
0.000000
0.000000
0.000000
0.000000
0.000000
0.000000
0.000000
0.000000
0.000000
0.000000
0.000000
0.000000
0.000000
0.000000
0.000000
0.000000
0.000000
0.000000
0.000000
0.000000
0.000000
0.000000
0.000000
0.000000
0.000000
0.000000
0.000000
0.000000
0.000000
0.000000
0.000000
0.000000
0.000000
0.000000
0.000000
0.000000
0.000000
0.000000
0.000000
0.000000
0.000000
0.000000
0.000000
0.000000
0.000000
0.000000
0.000000
0.000000
0.000000
0.000000
0.000000
0.000000
0.000000
0.000000
0.000000
0.000000
0.000000
0.000000
0.000000
0.000000
0.000000
0.000000
0.000000
0.000000
0.000000
0.000000
0.000000
0.000000
0.000000
0.000000
0.000000
0.000000
0.000000
0.000000
0.000000
0.000000
0.000000
0.000000
0.000000
0.000000
0.000000
0.000000
0.000000
0.000000
0.000000
0.000000
0.000000
0.000000
0.000000
0.000000
0.000000
0.000000
0.000000
0.000000
0.000000
0.000000
0.000000
0.000000
0.000000
0.000000
0.000000
0.000000
0.000000
0.000000
0.000000
0.000000
0.000000
0.000000
0.000000
0.000000
0.000000
0.000000
0.000000
0.000000
0.000000
0.000000
0.000000
0.000000
0.000000
0.000000
0.000000
0.000000
0.000000
0.000000
0.000000
0.000000
0.000000
0.000000
0.000000
0.000000
0.000000
0.000000
0.000000
0.000000
0.000000
0.000000
0.000000
0.000000
0.000000
0.000000
0.000000
0.000000
0.000000
0.000000
0.000000
0.000000
0.000000
0.000000
0.000000
0.000000
0.000000
0.000000
0.000000
0.000000
0.000000
0.000000
0.000000
0.000000
0.000000
0.000000
0.000000
0.000000
0.000000
0.000000
0.000000
0.000000
0.000000
0.000000
0.000000
0.000000
0.000000
0.000000
0.000000
0.000000
0.000000
0.000000
0.000000
0.000000
0.000000
0.000000
0.000000
0.000000
0.000000
0.000000
0.000000
0.000000
0.000000
0.000000
0.000000
0.000000
0.000000
0.000000
0.000000
0.000000
0.000000
0.000000
0.000000
0.000000
0.000000
0.000000
0.000000
0.000000
0.000000
0.000000
0.000000
0.000000
0.000000
0.000000
0.000000
0.000000
0.000000
0.000000
0.000000
0.000000
0.000000
0.000000
0.000000
0.000000
0.000000
0.000000
0.000000
0.000000
0.000000
0.000000
0.000000
0.000000
0.000000
0.000000
0.000000
0.000000
0.000000
0.000000
0.000000
0.000000
0.000000
0.000000
0.000000
0.000000
0.000000
0.000000
0.000000
0.000000
0.000000
0.000000
0.000000
0.000000
0.000000
0.000000
0.000000
0.000000
0.000000
0.000000
0.000000
0.000000
0.000000
0.000000
0.000000
0.000000
0.000000
0.000000
0.000000
0.000000
0.000000
0.000000
0.000000
0.000000
0.000000
0.000000
0.000000
0.000000
0.000000
0.000000
0.000000
0.000000
0.000000
0.000000
0.000000
0.000000
0.000000
0.000000
0.000000
0.000000
0.000000
0.000000
0.000000
0.000000
0.000000
0.000000
0.000000
0.000000
0.000000
0.000000
0.000000
0.000000
0.000000
0.000000
0.000000
0.000000
0.000000
0.000000
0.000000
0.000000
0.000000
0.000000
0.000000
0.000000
0.000000
0.000000
0.000000
0.000000
0.000000
0.000000
0.000000
0.000000
0.000000
0.000000
0.000000
0.000000
0.000000
0.000000
0.000000
0.000000
0.000000
0.000000
0.000000
0.000000
0.000000
0.000000
0.000000
0.000000
0.000000
0.000000
0.000000
0.000000
0.000000
0.000000
0.000000
0.000000
0.000000
0.000000
0.000000
0.000000
0.000000
0.000000
0.000000
0.000000
0.000000
0.000000
0.000000
0.000000
0.000000
0.000000
0.000000
0.000000
0.000000
0.000000
0.000000
0.000000
0.000000
0.000000
0.000000
0.000000
0.000000
0.000000
0.000000
0.000000
0.000000
0.000000
0.000000
0.000000
0.000000
0.000000
0.000000
0.000000
0.000000
0.000000
0.000000
0.000000
0.000000
0.000000
0.000000
0.000000
0.000000
0.000000
0.000000
0.000000
0.000000
0.000000
0.000000
0.000000
0.000000
0.000000
0.000000
0.000000
0.000000
0.000000
0.000000
0.000000
0.000000
0.000000
0.000000
0.000000
0.000000
0.000000
0.000000
0.000000
0.000000
0.000000
0.000000
0.000000
0.000000
0.000000
0.000000
0.000000
0.000000
0.000000
0.000000
0.000000
0.000000
0.000000
0.000000
0.000000
0.000000
0.000000
0.000000
0.000000
0.000000
0.000000
0.000000
0.000000
0.000000
0.000000
0.000000
0.000000
0.000000
0.000000
0.000000
0.000000
0.000000
0.000000
0.000000
0.000000
0.000000
0.000000
0.000000
0.000000
0.000000
0.000000
0.000000
0.000000
0.000000
0.000000
0.000000
0.000000
0.000000
0.000000
0.000000
0.000000
0.000000
0.000000
0.000000
0.000000
0.000000
0.000000
0.000000
0.000000
0.000000
0.000000
0.000000
0.000000
0.000000
0.000000
0.000000
0.000000
0.000000
0.000000
0.000000
0.000000
0.000000
0.000000
0.000000
0.000000
0.000000
0.000000
0.000000
0.000000
0.000000
0.000000
0.000000
0.000000
0.000000
0.000000
0.000000
0.000000
0.000000
0.000000
0.000000
0.000000
0.000000
0.000000
0.000000
0.000000
0.000000
0.000000
0.000000
0.000000
0.000000
0.000000
0.000000
0.000000
0.000000
0.000000
0.000000
0.000000
0.000000
0.000000
0.000000
0.000000
0.000000
0.000000
0.000000
0.000000
0.000000
0.000000
0.000000
0.000000
0.000000
0.000000
0.000000
0.000000
0.000000
0.000000
0.000000
0.000000
0.000000
0.000000
0.000000
0.000000
0.000000
0.000000
0.000000
0.000000
0.000000
0.000000
0.000000
0.000000
0.000000
0.000000
0.000000
0.000000
0.000000
0.000000
0.000000
0.000000
0.000000
0.000000
0.000000
0.000000
0.000000
0.000000
0.000000
0.000000
0.000000
0.000000
0.000000
0.000000
0.000000
0.000000
0.000000
0.000000
0.000000
0.000000
0.000000
0.000000
0.000000
0.000000
0.000000
0.000000
0.000000
0.000000
0.000000
0.000000
0.000000
0.000000
0.000000
0.000000
0.000000
0.000000
0.000000
0.000000
0.000000
0.000000
0.000000
0.000000
0.000000
0.000000
0.000000
0.000000
0.000000
0.000000
0.000000
0.000000
0.000000
0.000000
0.000000
0.000000
0.000000
0.000000
0.000000
0.000000
0.000000
0.000000
0.000000
0.000000
0.000000
0.000000
0.000000
0.000000
0.000000
0.000000
0.000000
0.000000
0.000000
0.000000
0.000000
0.000000
0.000000
0.000000
0.000000
0.000000
0.000000
0.000000
0.000000
0.000000
0.000000
0.000000
0.000000
0.000000
0.000000
0.000000
0.000000
0.000000
0.000000
0.000000
0.000000
0.000000
0.000000
0.000000
0.000000
0.000000
0.000000
0.000000
0.000000
0.000000
0.000000
0.000000
0.000000
0.000000
0.000000
0.000000
0.000000
0.000000
0.000000
0.000000
0.000000
0.000000
0.000000
0.000000
0.000000
0.000000
0.000000
0.000000
0.000000
0.000000
0.000000
0.000000
0.000000
0.000000
0.000000
0.000000
0.000000
0.000000
0.000000
0.000000
0.000000
0.000000
0.000000
0.000000
0.000000
0.000000
0.000000
0.000000
0.000000
0.000000
0.000000
0.000000
0.000000
0.000000
0.000000
0.000000
0.000000
0.000000
0.000000
0.000000
0.000000
0.000000
0.000000
0.000000
0.000000
0.000000
0.000000
0.000000
0.000000
0.000000
0.000000
0.000000
0.000000
0.000000
0.000000
0.000000
0.000000
0.000000
0.000000
0.000000
0.000000
0.000000
0.000000
0.000000
0.000000
0.000000
0.000000
0.000000
0.000000
0.000000
0.000000
0.000000
0.000000
0.000000
0.000000
0.000000
0.000000
0.000000
0.000000
0.000000
0.000000
0.000000
0.000000
0.000000
0.000000
0.000000
0.000000
0.000000
0.000000
0.000000
0.000000
0.000000
0.000000
0.000000
0.000000
0.000000
0.000000
0.000000
0.000000
0.000000
0.000000
0.000000
0.000000
0.000000
0.000000
0.000000
0.000000
0.000000
0.000000
0.000000
0.000000
0.000000
0.000000
0.000000
0.000000
0.000000
0.000000
0.000000
0.000000
0.000000
0.000000
0.000000
0.000000
0.000000
0.000000
0.000000
0.000000
0.000000
0.000000
0.000000
0.000000
0.000000
0.000000
0.000000
0.000000
0.000000
0.000000
0.000000
0.000000
0.000000
0.000000
0.000000
0.000000
0.000000
0.000000
0.000000
0.000000
0.000000
0.000000
0.000000
0.000000
0.000000
0.000000
0.000000
0.000000
0.000000
0.000000
0.000000
0.000000
0.000000
0.000000
0.000000
0.000000
0.000000
0.000000
0.000000
0.000000
0.000000
0.000000
0.000000
0.000000
0.000000
0.000000
0.000000
0.000000
0.000000
0.000000
0.000000
0.000000
0.000000
0.000000
0.000000
0.000000
0.000000
0.000000
0.000000
0.000000
0.000000
0.000000
0.000000
0.000000
0.000000
0.000000
0.000000
0.000000
0.000000
0.000000
0.000000
0.000000
0.000000
0.000000
0.000000
0.000000
0.000000
0.000000
0.000000
0.000000
0.000000
0.000000
0.000000
0.000000
0.000000
0.000000
0.000000
0.000000
0.000000
0.000000
0.000000
0.000000
0.000000
0.000000
0.000000
0.000000
0.000000
0.000000
0.000000
0.000000
0.000000
0.000000
0.000000
0.000000
0.000000
0.000000
0.000000
0.000000
0.000000
0.000000
0.000000
0.000000
0.000000
0.000000
0.000000
0.000000
0.000000
0.000000
0.000000
0.000000
0.000000
0.000000
0.000000
0.000000
0.000000
0.000000
0.000000
0.000000
0.000000
0.000000
0.000000
0.000000
0.000000
0.000000
0.000000
0.000000
0.000000
0.000000
0.000000
0.000000
0.000000
0.000000
0.000000
0.000000
0.000000
0.000000
0.000000
0.000000
0.000000
0.000000
0.000000
0.000000
0.000000
0.000000
0.000000
0.000000
0.000000
0.000000
0.000000
0.000000
0.000000
0.000000
0.000000
0.000000
0.000000
0.000000
0.000000
0.000000
0.000000
0.000000
0.000000
0.000000
0.000000
0.000000
0.000000
0.000000
0.000000
0.000000
0.000000
0.000000
0.000000
0.000000
0.000000
0.000000
0.000000
0.000000
0.000000
0.000000
0.000000
0.000000
0.000000
0.000000
0.000000
0.000000
0.000000
0.000000
0.000000
0.000000
0.000000
0.000000
0.000000
0.000000
0.000000
0.000000
0.000000
0.000000
0.000000
0.000000
0.000000
0.000000
0.000000
0.000000
0.000000
0.000000
0.000000
0.000000
0.000000
0.000000
0.000000
0.000000
0.000000
0.000000
0.000000
0.000000
0.000000
0.000000
0.000000
0.000000
0.000000
0.000000
0.000000
0.000000
0.000000
0.000000
0.000000
0.000000
0.000000
0.000000
0.000000
0.000000
0.000000
0.000000
0.000000
0.000000
0.000000
0.000000
0.000000
0.000000
0.000000
0.000000
0.000000
0.000000
0.000000
0.000000
0.000000
0.000000
0.000000
0.000000
0.000000
0.000000
0.000000
0.000000
0.000000
0.000000
0.000000
0.000000
0.000000
0.000000
0.000000
0.000000
0.000000
0.000000
0.000000
0.000000
0.000000
0.000000
0.000000
0.000000
0.000000
0.000000
0.000000
0.000000
0.000000
0.000000
0.000000
0.000000
0.000000
0.000000
0.000000
0.000000
0.000000
0.000000
0.000000
0.000000
0.000000
0.000000
0.000000
0.000000
0.000000
0.000000
0.000000
0.000000
0.000000
0.000000
0.000000
0.000000
0.000000
0.000000
0.000000
0.000000
0.000000
0.000000
0.000000
0.000000
0.000000
0.000000
0.000000
0.000000
0.000000
0.000000
0.000000
0.000000
0.000000
0.000000
0.000000
0.000000
0.000000
0.000000
0.000000
0.000000
0.000000
0.000000
0.000000
0.000000
0.000000
0.000000
0.000000
0.000000
0.000000
0.000000
0.000000
0.000000
0.000000
0.000000
0.000000
0.000000
0.000000
0.000000
0.000000
0.000000
0.000000
0.000000
0.000000
0.000000
0.000000
0.000000
0.000000
0.000000
0.000000
0.000000
0.000000
0.000000
0.000000
0.000000
0.000000
0.000000
0.000000
0.000000
0.000000
0.000000
0.000000
0.000000
0.000000
0.000000
0.000000
0.000000
0.000000
0.000000
0.000000
0.000000
0.000000
0.000000
0.000000
0.000000
0.000000
0.000000
0.000000
0.000000
0.000000
0.000000
0.000000
0.000000
0.000000
0.000000
0.000000
0.000000
0.000000
0.000000
0.000000
0.000000
0.000000
0.000000
0.000000
0.000000
0.000000
0.000000
0.000000
0.000000
0.000000
0.000000
0.000000
0.000000
0.000000
0.000000
0.000000
0.000000
0.000000
0.000000
0.000000
0.000000
0.000000
0.000000
0.000000
0.000000
0.000000
0.000000
0.000000
0.000000
0.000000
0.000000
0.000000
0.000000
0.000000
0.000000
0.000000
0.000000
0.000000
0.000000
0.000000
0.000000
0.000000
0.000000
0.000000
0.000000
0.000000
0.000000
0.000000
0.000000
0.000000
0.000000
0.000000
0.000000
0.000000
0.000000
0.000000
0.000000
0.000000
0.000000
0.000000
0.000000
0.000000
0.000000
0.000000
0.000000
0.000000
0.000000
0.000000
0.000000
0.000000
0.000000
0.000000
0.000000
0.000000
0.000000
0.000000
0.000000
0.000000
0.000000
0.000000
0.000000
0.000000
0.000000
0.000000
0.000000
0.000000
0.000000
0.000000
0.000000
0.000000
0.000000
0.000000
0.000000
0.000000
0.000000
0.000000
0.000000
0.000000
0.000000
0.000000
0.000000
0.000000
0.000000
0.000000
0.000000
0.000000
0.000000
0.000000
0.000000
0.000000
0.000000
0.000000
0.000000
0.000000
0.000000
0.000000
0.000000
0.000000
0.000000
0.000000
0.000000
0.000000
0.000000
0.000000
0.000000
0.000000
0.000000
0.000000
0.000000
0.000000
0.000000
0.000000
0.000000
0.000000
0.000000
0.000000
0.000000
0.000000
0.000000
0.000000
0.000000
0.000000
0.000000
0.000000
0.000000
0.000000
0.000000
0.000000
0.000000
0.000000
0.000000
0.000000
0.000000
0.000000
0.000000
0.000000
0.000000
0.000000
0.000000
0.000000
0.000000
0.000000
0.000000
0.000000
0.000000
0.000000
0.000000
0.000000
0.000000
0.000000
0.000000
0.000000
0.000000
0.000000
0.000000
0.000000
0.000000
0.000000
0.000000
0.000000
0.000000
0.000000
0.000000
0.000000
0.000000
0.000000
0.000000
0.000000
0.000000
0.000000
0.000000
0.000000
0.000000
0.000000
0.000000
0.000000
0.000000
0.000000
0.000000
0.000000
0.000000
0.000000
0.000000
0.000000
0.000000
0.000000
0.000000
0.000000
0.000000
0.000000
0.000000
0.000000
0.000000
0.000000
0.000000
0.000000
0.000000
0.000000
0.000000
0.000000
0.000000
0.000000
0.000000
0.000000
0.000000
0.000000
0.000000
0.000000
0.000000
0.000000
0.000000
0.000000
0.000000
0.000000
0.000000
0.000000
0.000000
0.000000
0.000000
0.000000
0.000000
0.000000
0.000000
0.000000
0.000000
0.000000
0.000000
0.000000
0.000000
0.000000
0.000000
0.000000
0.000000
0.000000
0.000000
0.000000
0.000000
0.000000
0.000000
0.000000
0.000000
0.000000
0.000000
0.000000
0.000000
0.000000
0.000000
0.000000
0.000000
0.000000
0.000000
0.000000
0.000000
0.000000
0.000000
0.000000
0.000000
0.000000
0.000000
0.000000
0.000000
0.000000
0.000000
0.000000
0.000000
0.000000
0.000000
0.000000
0.000000
0.000000
0.000000
0.000000
0.000000
0.000000
0.000000
0.000000
0.000000
0.000000
0.000000
0.000000
0.000000
0.000000
0.000000
0.000000
0.000000
0.000000
0.000000
0.000000
0.000000
0.000000
0.000000
0.000000
0.000000
0.000000
0.000000
0.000000
0.000000
0.000000
0.000000
0.000000
0.000000
0.000000
0.000000
0.000000
0.000000
0.000000
0.000000
0.000000
0.000000
0.000000
0.000000
0.000000
0.000000
0.000000
0.000000
0.000000
0.000000
0.000000
0.000000
0.000000
0.000000
0.000000
0.000000
0.000000
0.000000
0.000000
0.000000
0.000000
0.000000
0.000000
0.000000
0.000000
0.000000
0.000000
0.000000
0.000000
0.000000
0.000000
0.000000
0.000000
0.000000
0.000000
0.000000
0.000000
0.000000
0.000000
0.000000
0.000000
0.000000
0.000000
0.000000
0.000000
0.000000
0.000000
0.000000
0.000000
0.000000
0.000000
0.000000
0.000000
0.000000
0.000000
0.000000
0.000000
0.000000
0.000000
0.000000
0.000000
0.000000
0.000000
0.000000
0.000000
0.000000
0.000000
0.000000
0.000000
0.000000
0.000000
0.000000
0.000000
0.000000
0.000000
0.000000
0.000000
0.000000
0.000000
0.000000
0.000000
0.000000
0.000000
0.000000
0.000000
0.000000
0.000000
0.000000
0.000000
0.000000
0.000000
0.000000
0.000000
0.000000
0.000000
0.000000
0.000000
0.000000
0.000000
0.000000
0.000000
0.000000
0.000000
0.000000
0.000000
0.000000
0.000000
0.000000
0.000000
0.000000
0.000000
0.000000
0.000000
0.000000
0.000000
0.000000
0.000000
0.000000
0.000000
0.000000
0.000000
0.000000
0.000000
0.000000
0.000000
0.000000
0.000000
0.000000
0.000000
0.000000
0.000000
0.000000
0.000000
0.000000
0.000000
0.000000
0.000000
0.000000
0.000000
0.000000
0.000000
0.000000
0.000000
0.000000
0.000000
0.000000
0.000000
0.000000
0.000000
0.000000
0.000000
0.000000
0.000000
0.000000
0.000000
0.000000
0.000000
0.000000
0.000000
0.000000
0.000000
0.000000
0.000000
0.000000
0.000000
0.000000
0.000000
0.000000
0.000000
0.000000
0.000000
0.000000
0.000000
0.000000
0.000000
0.000000
0.000000
0.000000
0.000000
0.000000
0.000000
0.000000
0.000000
0.000000
0.000000
0.000000
0.000000
0.000000
0.000000
0.000000
0.000000
0.000000
0.000000
0.000000
0.000000
0.000000
0.000000
0.000000
0.000000
0.000000
0.000000
0.000000
0.000000
0.000000
0.000000
0.000000
0.000000
0.000000
0.000000
0.000000
0.000000
0.000000
0.000000
0.000000
0.000000
0.000000
0.000000
0.000000
0.000000
0.000000
0.000000
0.000000
0.000000
0.000000
0.000000
0.000000
0.000000
0.000000
0.000000
0.000000
0.000000
0.000000
0.000000
0.000000
0.000000
0.000000
0.000000
0.000000
0.000000
0.000000
0.000000
0.000000
0.000000
0.000000
0.000000
0.000000
0.000000
0.000000
0.000000
0.000000
0.000000
0.000000
0.000000
0.000000
0.000000
0.000000
0.000000
0.000000
0.000000
0.000000
0.000000
0.000000
0.000000
0.000000
0.000000
0.000000
0.000000
0.000000
0.000000
0.000000
0.000000
0.000000
0.000000
0.000000
0.000000
0.000000
0.000000
0.000000
0.000000
0.000000
0.000000
0.000000
0.000000
0.000000
0.000000
0.000000
0.000000
0.000000
0.000000
0.000000
0.000000
0.000000
0.000000
0.000000
0.000000
0.000000
0.000000
0.000000
0.000000
0.000000
0.000000
0.000000
0.000000
0.000000
0.000000
0.000000
0.000000
0.000000
0.000000
0.000000
0.000000
0.000000
0.000000
0.000000
0.000000
0.000000
0.000000
0.000000
0.000000
0.000000
0.000000
0.000000
0.000000
0.000000
0.000000
0.000000
0.000000
0.000000
0.000000
0.000000
0.000000
0.000000
0.000000
0.000000
0.000000
0.000000
0.000000
0.000000
0.000000
0.000000
0.000000
0.000000
0.000000
0.000000
0.000000
0.000000
0.000000
0.000000
0.000000
0.000000
0.000000
0.000000
0.000000
0.000000
0.000000
0.000000
0.000000
0.000000
0.000000
0.000000
0.000000
0.000000
0.000000
0.000000
0.000000
0.000000
0.000000
0.000000
0.000000
0.000000
0.000000
0.000000
0.000000
0.000000
0.000000
0.000000
0.000000
0.000000
0.000000
0.000000
0.000000
0.000000
0.000000
0.000000
0.000000
0.000000
0.000000
0.000000
0.000000
0.000000
0.000000
0.000000
0.000000
0.000000
0.000000
0.000000
0.000000
0.000000
0.000000
0.000000
0.000000
0.000000
0.000000
0.000000
0.000000
0.000000
0.000000
0.000000
0.000000
0.000000
0.000000
0.000000
0.000000
0.000000
0.000000
0.000000
0.000000
0.000000
0.000000
0.000000
0.000000
0.000000
0.000000
0.000000
0.000000
0.000000
0.000000
0.000000
0.000000
0.000000
0.000000
0.000000
0.000000
0.000000
0.000000
0.000000
0.000000
0.000000
0.000000
0.000000
0.000000
0.000000
0.000000
0.000000
0.000000
0.000000
0.000000
0.000000
0.000000
0.000000
0.000000
0.000000
0.000000
0.000000
0.000000
0.000000
0.000000
0.000000
0.000000
0.000000
0.000000
0.000000
0.000000
0.000000
0.000000
0.000000
0.000000
0.000000
0.000000
0.000000
0.000000
0.000000
0.000000
0.000000
0.000000
0.000000
0.000000
0.000000
0.000000
0.000000
0.000000
0.000000
0.000000
0.000000
0.000000
0.000000
0.000000
0.000000
0.000000
0.000000
0.000000
0.000000
0.000000
0.000000
0.000000
0.000000
0.000000
0.000000
0.000000
0.000000
0.000000
0.000000
0.000000
0.000000
0.000000
0.000000
0.000000
0.000000
0.000000
0.000000
0.000000
0.000000
0.000000
0.000000
0.000000
0.000000
0.000000
0.000000
0.000000
0.000000
0.000000
0.000000
0.000000
0.000000
0.000000
0.000000
0.000000
0.000000
0.000000
0.000000
0.000000
